000001 bmup4s51b6.2595135.stn    957.840  2023-07-24 06:26:59 279312    1000         1    1000    873199
000002 bmup4s51b6.63375124.stn    951.645  2023-07-24 06:34:06 277492    1000         1    1000    873199
000003 bmup4s51b6.2846571.stn    944.578  2023-07-24 06:30:21 275662    1000         2    1000    873197
000004 bmup4s51b6.2594060.stn    952.592  2023-07-24 06:23:04 278348    1000         4    1000    873199
000005 bmup4s51b6.70622933.stn    961.002  2023-07-24 06:04:28 279985    1000         4    1000    873196
000006 bmup4s51b6.2846631.stn    945.827  2023-07-24 06:41:37 276554    1000         4    1000    873197
000007 bmup4s51b6.2843332.stn    954.878  2023-07-24 06:14:39 279252    1000         6    1000    873200
000008 bmup4s51b6.2589726.stn    946.695  2023-07-24 06:11:57 276036    1000         7    1000    873197
000009 bmup4s51b6.63376281.stn    955.429  2023-07-24 06:19:33 279405    1000         9    1000    873196
000010 bmup4s51b6.63376413.stn    958.638  2023-07-24 06:37:08 279904    1000        13    1000    873198
