000001 rmce3s51b0_00018.stn     15.318  2020-08-06 20:32:29  30674    1000         1    1000     50000
000001 rmce3s51b0_00001.stn     15.386  2020-08-06 20:37:36  30788    1000         1    1000     49997
000001 rmce3s51b0_00002.stn     15.524  2020-08-06 20:39:43  30701    1000         1    1000     50000
000001 rmce3s51b0_00003.stn     15.279  2020-08-06 20:41:51  30651    1000         1    1000     50000
000001 rmce3s51b0_00004.stn     15.369  2020-08-06 20:37:31  30730    1000         1    1000     49998
000001 rmce3s51b0_00005.stn     15.396  2020-08-06 20:41:41  30874    1000         1    1000     49997
000001 rmce3s51b0_00017.stn     15.273  2020-08-06 20:33:56  30688    1000         1    1000     50000
000002 rmce3s51b0_00007.stn     15.528  2020-08-06 20:42:11  30927    1000         1    1000     49999
000002 rmce3s51b0_00016.stn     15.322  2020-08-06 20:38:47  30757    1000         1    1000     49998
000002 rmce3s51b0_00014.stn     15.398  2020-08-06 20:46:14  30835    1000         1    1000     49998
000002 rmce3s51b0_00015.stn     15.326  2020-08-06 20:40:00  30673    1000         1    1000     50000
000002 rmce3s51b0_00009.stn     15.324  2020-08-06 20:41:02  30676    1000         1    1000     49996
000002 rmce3s51b0_00010.stn     15.394  2020-08-06 20:39:09  30663    1000         2    1000     50000
000002 rmce3s51b0_00013.stn     15.446  2020-08-06 20:44:39  30824    1000         2    1000     50000
000003 rmce3s51b0_00008.stn     15.303  2020-08-06 20:42:11  30657    1000         2    1000     49999
000003 rmce3s51b0_00012.stn     15.439  2020-08-06 20:37:46  30787    1000         3    1000     49999
000003 rmce3s51b0_00011.stn     15.337  2020-08-06 20:38:17  30790    1000         3    1000     49998
000003 rmce3s51b0_00000.stn     15.448  2020-08-06 20:39:11  31009    1000         4    1000     49999
000003 rmce3s51b0_00006.stn     15.243  2020-08-06 20:40:47  30519    1000         6    1000     49997
