000001 e31s5720.0000010000     13.449  2016-04-05 02:18:10  15008    4001         1    4001      1000
000001 e31s5720.0000010001     13.533  2016-04-05 02:29:07  14960    4001         1    4001      1000
000001 e31s5720.0000010002     13.631  2016-04-05 01:56:12  15065    4001         1    4001      1000
000001 e31s5720.0000010003     13.691  2016-04-05 01:58:20  15063    4001         1    4001      1000
000001 e31s5720.0000010004     13.659  2016-04-05 02:25:20  15062    4001         1    4001      1000
000001 e31s5720.0000010005     13.718  2016-04-05 02:35:51  15207    4001         1    4001      1000
000001 e31s5720.0000010006     13.618  2016-04-05 02:24:33  15069    4001         1    4001      1000
000001 e31s5720.0000010007     13.689  2016-04-05 02:30:10  15102    4001         1    4001      1000
000001 e31s5720.0000010008     13.613  2016-04-05 02:38:02  14966    4001         1    4001      1000
000001 e31s5720.0000010009     13.559  2016-04-05 01:20:34  15054    4001         1    4001      1000
000001 e31s5720.0000010010     13.665  2016-04-05 02:25:12  15118    4001         1    4001      1000
000001 e31s5720.0000010011     13.610  2016-04-05 02:49:17  15104    4001         1    4001      1000
000001 e31s5720.0000010012     13.571  2016-04-05 02:30:50  15005    4001         1    4001      1000
000001 e31s5720.0000010013     13.624  2016-04-05 02:40:06  15080    4001         1    4001      1000
000002 e31s5720.0000010014     13.520  2016-04-05 02:11:50  14994    4001         1    4001      1000
000002 e31s5720.0000010015     13.682  2016-04-05 02:44:25  15140    4001         1    4001      1000
000002 e31s5720.0000010016     13.608  2016-04-05 02:42:49  15091    4001         1    4001      1000
000002 e31s5720.0000010017     13.435  2016-04-05 01:20:53  14896    4001         1    4001      1000
000002 e31s5720.0000010018     13.794  2016-04-05 01:46:56  15131    4001         1    4001      1000
000002 e31s5720.0000010019     13.527  2016-04-05 02:21:07  14979    4001         1    4001      1000
000002 e31s5720.0000010020     13.666  2016-04-05 01:57:32  15069    4001         1    4001      1000
000002 e31s5720.0000010021     13.763  2016-04-05 01:44:13  15200    4001         1    4001      1000
000002 e31s5720.0000010022     13.613  2016-04-05 02:34:15  15126    4001         1    4001      1000
000002 e31s5720.0000010023     13.620  2016-04-05 02:02:07  15007    4001         1    4001      1000
000002 e31s5720.0000010024     13.595  2016-04-05 02:27:48  15007    4001         1    4001      1000
000002 e31s5720.0000010026     13.625  2016-04-05 01:26:54  15006    4001         1    4001      1000
000002 e31s5720.0000010027     13.542  2016-04-05 01:58:50  14923    4001         1    4001      1000
000002 e31s5720.0000010028     13.642  2016-04-05 02:32:33  15060    4001         1    4001      1000
000003 e31s5720.0000010029     13.777  2016-04-05 02:39:29  15147    4001         1    4001      1000
000003 e31s5720.0000010030     13.827  2016-04-05 02:26:48  15136    4001         1    4001      1000
000003 e31s5720.0000010031     13.728  2016-04-05 02:55:31  15117    4001         1    4001      1000
000003 e31s5720.0000010032     13.559  2016-04-05 02:17:17  15060    4001         1    4001      1000
000003 e31s5720.0000010033     13.546  2016-04-05 02:04:58  14990    4001         1    4001      1000
000003 e31s5720.0000010034     13.672  2016-04-05 01:59:24  15086    4001         1    4001      1000
000003 e31s5720.0000010035     13.523  2016-04-05 02:29:58  14957    4001         1    4001      1000
000003 e31s5720.0000010036     13.503  2016-04-05 02:42:14  14916    4001         1    4001      1000
000003 e31s5720.0000010037     13.586  2016-04-05 01:25:35  15061    4001         1    4001      1000
000003 e31s5720.0000010038     13.599  2016-04-05 01:23:11  15048    4001         1    4001      1000
000003 e31s5720.0000010039     13.770  2016-04-05 02:29:46  15098    4001         1    4001      1000
