000001 nts.mhedges.pent0s51b0.su2020.001000_00000000.stn   1518.786  2021-04-05 09:58:35 174362    1000         1    1000     20000
000001 nts.mhedges.pent0s51b0.su2020.001000_00000015.stn   1521.569  2021-04-05 10:02:16 174499    1000         1    1000     20000
000002 nts.mhedges.pent0s51b0.su2020.001000_00000030.stn   1514.696  2021-04-05 10:06:03 173480    1000         1    1000     20000
000002 nts.mhedges.pent0s51b0.su2020.001000_00000045.stn   1517.258  2021-04-05 10:09:40 173716    1000         1    1000     20000
000003 nts.mhedges.pent0s51b0.su2020.001000_00000060.stn   1520.226  2021-04-05 10:13:21 174257    1000         1    1000     20000
000003 nts.mhedges.pent0s51b0.su2020.001000_00000075.stn   1518.207  2021-04-05 10:17:06 174204    1000         1    1000     20000
000004 nts.mhedges.pent0s51b0.su2020.001000_00000091.stn   1518.406  2021-04-05 10:20:53 174281    1000         1    1000     20000
000004 nts.mhedges.pent0s51b0.su2020.001000_00000106.stn   1520.922  2021-04-05 10:24:42 174376    1000         1    1000     20000
000005 nts.mhedges.pent0s51b0.su2020.001000_00000121.stn   1517.444  2021-04-05 10:28:27 173920    1000         1    1000     20000
000005 nts.mhedges.pent0s51b0.su2020.001000_00000136.stn   1522.704  2021-04-05 10:32:14 174523    1000         1    1000     20000
000006 nts.mhedges.pent0s51b0.su2020.001000_00000151.stn   1515.227  2021-04-05 10:35:59 173851    1000         1    1000     20000
000006 nts.mhedges.pent0s51b0.su2020.001000_00000166.stn   1517.756  2021-04-05 10:39:40 174145    1000         1    1000     20000
000007 nts.mhedges.pent0s51b0.su2020.001000_00000181.stn   1518.508  2021-04-05 10:43:19 173788    1000         1    1000     20000
000007 nts.mhedges.pent0s51b0.su2020.001000_00000196.stn   1519.688  2021-04-05 10:46:59 174186    1000         1    1000     20000
000008 nts.mhedges.pent0s51b0.su2020.001000_00000212.stn   1522.712  2021-04-05 10:50:40 174418    1000         1    1000     20000
000008 nts.mhedges.pent0s51b0.su2020.001000_00000227.stn   1517.015  2021-04-05 10:54:22 173968    1000         1    1000     20000
000009 nts.mhedges.pent0s51b0.su2020.001000_00000242.stn   1517.709  2021-04-05 10:58:07 174214    1000         1    1000     20000
000009 nts.mhedges.pent0s51b0.su2020.001000_00000257.stn   1519.349  2021-04-05 11:01:50 174262    1000         1    1000     20000
000010 nts.mhedges.pent0s51b0.su2020.001000_00000272.stn   1523.730  2021-04-05 11:05:40 174753    1000         1    1000     20000
000010 nts.mhedges.pent0s51b0.su2020.001000_00000287.stn   1520.299  2021-04-05 11:09:26 174261    1000         1    1000     20000
000011 nts.mhedges.pent0s51b0.su2020.001000_00000302.stn   1520.215  2021-04-05 11:13:09 174341    1000         1    1000     20000
000011 nts.mhedges.pent0s51b0.su2020.001000_00000317.stn   1518.779  2021-04-05 11:16:52 173978    1000         1    1000     20000
000012 nts.mhedges.pent0s51b0.su2020.001000_00000332.stn   1518.055  2021-04-05 11:20:34 174217    1000         1    1000     20000
000012 nts.mhedges.pent0s51b0.su2020.001000_00000347.stn   1518.331  2021-04-05 11:24:15 174071    1000         1    1000     20000
000013 nts.mhedges.pent0s51b0.su2020.001000_00000362.stn   1516.055  2021-04-05 11:27:57 174193    1000         1    1000     20000
000013 nts.mhedges.pent0s51b0.su2020.001000_00000377.stn   1520.338  2021-04-05 11:31:42 174342    1000         1    1000     20000
000014 nts.mhedges.pent0s51b0.su2020.001000_00000392.stn   1519.453  2021-04-05 11:35:34 174457    1000         1    1000     20000
000014 nts.mhedges.pent0s51b0.su2020.001000_00000407.stn   1515.837  2021-04-05 11:39:27 173950    1000         1    1000     20000
000015 nts.mhedges.pent0s51b0.su2020.001000_00000422.stn   1517.262  2021-04-05 11:43:23 174055    1000         1    1000     20000
000015 nts.mhedges.pent0s51b0.su2020.001000_00000437.stn   1520.169  2021-04-05 11:47:29 174412    1000         1    1000     20000
000016 nts.mhedges.pent0s51b0.su2020.001000_00000452.stn   1521.069  2021-04-05 11:51:22 174271    1000         1    1000     20000
000016 nts.mhedges.pent0s51b0.su2020.001000_00000467.stn   1519.193  2021-04-05 11:55:12 174120    1000         1    1000     20000
000017 nts.mhedges.pent0s51b0.su2020.001000_00000482.stn   1514.154  2021-04-05 11:59:03 173658    1000         1    1000     20000
000017 nts.mhedges.pent0s51b0.su2020.001000_00000497.stn    302.699  2021-04-05 11:59:49  34761    1000         1    1000     20000
