000001 e20s7400.001002_00000195     56.822  2019-06-23 22:52:03  19036    1002         1    1002     10000
000001 e20s7400.001002_00000005     56.676  2019-06-23 23:22:08  18892    1002         1    1002     10000
000001 e20s7400.001002_00000010     57.553  2019-06-23 23:31:26  19240    1002         1    1002     10000
000001 e20s7400.001002_00000015     57.080  2019-06-23 23:04:27  19062    1002         1    1002     10000
000001 e20s7400.001002_00000020     56.436  2019-06-23 23:00:39  18884    1002         1    1002     10000
000001 e20s7400.001002_00000025     56.793  2019-06-23 21:51:57  19059    1002         1    1002      9999
000001 e20s7400.001002_00000030     56.939  2019-06-23 22:04:07  18974    1002         1    1002      9998
000001 e20s7400.001002_00000035     56.553  2019-06-23 23:29:17  18905    1002         1    1002     10000
000001 e20s7400.001002_00000040     57.116  2019-06-23 21:04:55  19116    1002         1    1002     10000
000001 e20s7400.001002_00000045     56.674  2019-06-23 21:41:30  18858    1002         1    1002     10000
000001 e20s7400.001002_00000050     56.758  2019-06-23 21:42:21  18880    1002         1    1002     10000
000002 e20s7400.001002_00000055     56.730  2019-06-23 20:59:18  19052    1002         1    1002     10000
000002 e20s7400.001002_00000060     56.767  2019-06-23 21:39:48  18980    1002         1    1002     10000
000002 e20s7400.001002_00000065     57.408  2019-06-23 21:17:24  19088    1002         1    1002     10000
000002 e20s7400.001002_00000070     57.034  2019-06-23 21:11:51  18989    1002         1    1002     10000
000002 e20s7400.001002_00000075     56.916  2019-06-23 23:01:33  18996    1002         1    1002     10000
000002 e20s7400.001002_00000080     56.581  2019-06-23 21:05:24  18909    1002         1    1002     10000
000002 e20s7400.001002_00000085     56.588  2019-06-23 21:16:17  18981    1002         1    1002      9999
000002 e20s7400.001002_00000090     57.175  2019-06-23 23:30:22  19067    1002         1    1002     10000
000002 e20s7400.001002_00000185     56.716  2019-06-23 21:17:48  18951    1002         1    1002     10000
000002 e20s7400.001002_00000100     57.283  2019-06-23 23:19:11  19088    1002         1    1002     10000
000002 e20s7400.001002_00000105     57.209  2019-06-23 23:10:00  19104    1002         1    1002     10000
000003 e20s7400.001002_00000110     56.936  2019-06-23 23:05:12  19064    1002         1    1002     10000
000003 e20s7400.001002_00000115     56.691  2019-06-23 23:20:52  19035    1002         1    1002     10000
000003 e20s7400.001002_00000190     56.666  2019-06-23 23:22:49  18982    1002         1    1002     10000
000003 e20s7400.001002_00000125     57.353  2019-06-24 00:56:08  19010    1002         1    1002     10000
000003 e20s7400.001002_00000130     57.246  2019-06-24 00:20:32  19012    1002         1    1002     10000
000003 e20s7400.001002_00000135     57.219  2019-06-24 00:27:54  19153    1002         1    1002     10000
000003 e20s7400.001002_00000145     56.786  2019-06-23 23:44:21  18962    1002         1    1002     10000
000003 e20s7400.001002_00000150     56.925  2019-06-23 23:32:20  19086    1002         1    1002     10000
000003 e20s7400.001002_00000155     56.760  2019-06-23 22:43:16  18916    1002         1    1002     10000
000003 e20s7400.001002_00000160     56.472  2019-06-23 21:44:23  18937    1002         1    1002     10000
000003 e20s7400.001002_00000165     57.866  2019-06-23 21:54:30  19227    1002         1    1002     10000
000004 e20s7400.001002_00000170     56.860  2019-06-23 23:09:24  19040    1002         1    1002     10000
000004 e20s7400.001002_00000175     56.534  2019-06-23 23:27:37  18914    1002         1    1002     10000
000004 e20s7400.001002_00000180     57.480  2019-06-23 23:23:00  19092    1002         1    1002     10000
000004 e20s7400.001002_00000095     56.403  2019-06-23 23:17:23  18762    1002         1    1002     10000
000004 e20s7400.001002_00000120     57.320  2019-06-23 21:49:52  19183    1002         2    1002     10000
000004 e20s7400.001002_00000000     56.572  2019-06-23 23:36:48  18926    1002         2    1002     10000
