000001 nts.mu2e.cry31s91b0.su2020.001002_00075028.stn    1470.801  2020-10-10 10:01:03  55870    1002         1    1002    499999
000001 nts.mu2e.cry31s91b0.su2020.001002_00051275.stn    1489.496  2020-10-10 09:46:14  59039    1002         1    1002    499980
000001 nts.mu2e.cry31s91b0.su2020.001002_00007796.stn    1450.143  2020-10-10 09:18:56  56888    1002         2    1002    499994
000001 nts.mu2e.cry31s91b0.su2020.001002_00035303.stn    1470.337  2020-10-10 09:36:14  58930    1002         2    1002    499999
000002 nts.mu2e.cry31s91b0.su2020.001002_00047311.stn    1453.163  2020-10-10 09:43:44  58430    1002         2    1002    499998
000002 nts.mu2e.cry31s91b0.su2020.001002_00078809.stn     445.968  2020-10-10 10:01:49  17606    1002         3    1002    499984
000002 nts.mu2e.cry31s91b0.su2020.001002_00023529.stn    1494.194  2020-10-10 09:28:52  58134    1002         3    1002    499987
000002 nts.mu2e.cry31s91b0.su2020.001002_00067187.stn    1491.389  2020-10-10 09:56:13  58432    1002         3    1002    499994
000002 nts.mu2e.cry31s91b0.su2020.001002_00015655.stn    1444.845  2020-10-10 09:23:54  56876    1002         5    1002    499994
000003 nts.mu2e.cry31s91b0.su2020.001002_00003916.stn    1453.658  2020-10-10 09:16:30  57091    1002         5    1002    499973
000003 nts.mu2e.cry31s91b0.su2020.001002_00043291.stn    1489.792  2020-10-10 09:41:18  58852    1002         5    1002    499970
000003 nts.mu2e.cry31s91b0.su2020.001002_00039326.stn    1456.224  2020-10-10 09:38:48  58145    1002         6    1002    499998
000003 nts.mu2e.cry31s91b0.su2020.001002_00071142.stn    1442.376  2020-10-10 09:58:38  57104    1002         7    1002    500000
000004 nts.mu2e.cry31s91b0.su2020.001002_00011651.stn    1486.146  2020-10-10 09:21:27  58985    1002         7    1002    499984
000004 nts.mu2e.cry31s91b0.su2020.001002_00031425.stn    1446.166  2020-10-10 09:33:44  56420    1002        11    1002    499987
000004 nts.mu2e.cry31s91b0.su2020.001002_00059198.stn    1476.562  2020-10-10 09:51:13  58306    1002        19    1002    499997
000004 nts.mu2e.cry31s91b0.su2020.001002_00000000.stn    1462.672  2020-10-10 09:14:03  57396    1002        19    1002    499998
000005 nts.mu2e.cry31s91b0.su2020.001002_00019533.stn    1483.265  2020-10-10 09:26:23  58394    1002        20    1002    499996
000005 nts.mu2e.cry31s91b0.su2020.001002_00027460.stn    1466.236  2020-10-10 09:31:21  57955    1002        21    1002    499997
000005 nts.mu2e.cry31s91b0.su2020.001002_00055315.stn    1447.442  2020-10-10 09:48:41  57210    1002        23    1002    499999
000005 nts.mu2e.cry31s91b0.su2020.001002_00063170.stn    1489.211  2020-10-10 09:53:44  58905    1002        49    1002    499996
