000001 nts.mu2e.tvst303r02.100016_00000000.stn      0.202  2022-10-24 11:20:31    352  100016     23732  100016  30877045
000001 nts.mu2e.tvst303r02.100017_00000000.stn      0.036  2022-10-24 11:25:19     44  100017      5173  100017   4348828
000001 nts.mu2e.tvst303r02.100018_00000000.stn      0.313  2022-10-24 11:52:04    538  100018    257753  100018 105727054
000001 nts.mu2e.tvst303r02.100019_00000000.stn      0.139  2022-10-24 12:05:21    229  100019    202009  100019  52993804
000001 nts.mu2e.tvst303r02.100020_00000000.stn      0.161  2022-10-24 12:58:59    286  100020    566635  100020  62678863
000001 nts.mu2e.tvst303r02.100021_00000000.stn      0.149  2022-10-24 12:46:56    244  100021    941450  100021  57137433
000001 nts.mu2e.tvst303r02.100022_00000000.stn      0.146  2022-10-24 11:04:42    251  100022     84308  100022  64137425
000001 nts.mu2e.tvst303r02.100023_00000000.stn      0.153  2022-10-24 10:52:48    231  100023     80714  100023  56142568
000001 nts.mu2e.tvst303r02.100024_00000000.stn      0.140  2022-10-29 13:13:59    245  100024     22619  100024  51962140
000001 nts.mu2e.tvst303r02.100025_00000000.stn     14.579  2022-10-24 10:17:28  25818  100025     45841  100025 492451763
000001 nts.mu2e.tvst303r02.100026_00000000.stn     25.648  2022-10-24 09:59:50  45659  100026     14052  100026 871335160
000001 nts.mu2e.tvst303r02.100027_00000000.stn     10.273  2022-10-24 09:26:30  18154  100027      1775  100027 355696393
000001 nts.mu2e.tvst303r02.100028_00000000.stn     22.754  2022-10-23 23:08:39  40461  100028     20410  100028 756997508
000001 nts.mu2e.tvst303r02.100029_00000000.stn     25.905  2022-10-23 22:51:33  46257  100029     10828  100029 908024476
000001 nts.mu2e.tvst303r02.100030_00000000.stn     19.469  2022-10-23 18:30:24  34513  100030     13823  100030 681269167
000002 nts.mu2e.tvst303r02.100031_00000000.stn     20.364  2022-10-23 18:14:13  35939  100031     14398  100031 750836672
000002 nts.mu2e.tvst303r02.100032_00000000.stn      6.641  2022-10-23 17:56:41  12862  100032      7501  100032 845519667
000002 nts.mu2e.tvst303r02.100033_00000000.stn      0.325  2022-10-29 13:36:46    565  100033     47861  100033 731097647
