000001 bmup4s51b1.57536103.stn    771.119  2023-03-09 23:44:00 223503    1000         1    1000    873200
000002 bmup4s51b1.57581901.stn    767.834  2023-03-08 13:45:04 222854    1000         2    1000    873196
000003 bmup4s51b1.57580558.stn    771.076  2023-03-08 13:51:19 223335    1000         3    1000    873198
000004 bmup4s51b1.57536133.stn    772.120  2023-03-10 00:11:22 224064    1000         3    1000    873200
000005 bmup4s51b1.57536163.stn    768.322  2023-03-10 00:19:21 223061    1000         4    1000    873195
000006 bmup4s51b1.57536126.stn    772.928  2023-03-10 00:02:06 223794    1000         4    1000    873200
000007 bmup4s51b1.57536067.stn    765.440  2023-03-09 23:29:09 222191    1000         4    1000    873197
000008 bmup4s51b1.57536215.stn    768.598  2023-03-10 00:26:40 222869    1000         5    1000    873199
000009 bmup4s51b1.57580227.stn    768.544  2023-03-10 00:33:44 222807    1000         7    1000    873192
000010 bmup4s51b1.57536071.stn    770.785  2023-03-09 23:36:02 224108    1000        12    1000    873200
