000001 e60s721z.001002_00000000     81.881  2019-01-27 06:57:46  29745    1002         1    1002     10000
000001 e60s721z.001002_00000010     80.871  2019-01-27 04:16:30  29564    1002         1    1002     10000
000001 e60s721z.001002_00000020     81.130  2019-01-27 03:29:12  29595    1002         1    1002     10000
000001 e60s721z.001002_00000030     81.171  2019-01-27 07:07:38  29593    1002         1    1002     10000
000001 e60s721z.001002_00000040     80.932  2019-01-27 06:39:56  29461    1002         1    1002     10000
000001 e60s721z.001002_00000050     81.799  2019-01-27 06:42:18  29740    1002         1    1002     10000
000001 e60s721z.001002_00000240     80.382  2019-01-27 06:31:51  29416    1002         1    1002     10000
000002 e60s721z.001002_00000070     81.491  2019-01-27 03:33:02  29816    1002         1    1002     10000
000002 e60s721z.001002_00000080     81.486  2019-01-27 03:34:17  29677    1002         1    1002     10000
000002 e60s721z.001002_00000230     81.348  2019-01-27 04:14:32  29709    1002         1    1002     10000
000002 e60s721z.001002_00000100     81.326  2019-01-27 05:39:43  29767    1002         1    1002     10000
000002 e60s721z.001002_00000110     81.020  2019-01-27 03:12:26  29613    1002         1    1002     10000
000002 e60s721z.001002_00000220     80.882  2019-01-27 05:15:01  29521    1002         1    1002     10000
000002 e60s721z.001002_00000130     80.426  2019-01-27 03:37:09  29394    1002         1    1002     10000
000003 e60s721z.001002_00000140     81.894  2019-01-27 03:30:05  29811    1002         1    1002     10000
000003 e60s721z.001002_00000150     81.381  2019-01-27 03:26:31  29768    1002         1    1002     10000
000003 e60s721z.001002_00000160     81.404  2019-01-27 03:35:35  29703    1002         1    1002     10000
000003 e60s721z.001002_00000170     80.896  2019-01-27 05:13:09  29627    1002         1    1002     10000
000003 e60s721z.001002_00000180     80.927  2019-01-27 03:28:37  29468    1002         1    1002     10000
000003 e60s721z.001002_00000190     81.540  2019-01-27 03:27:09  29897    1002         1    1002     10000
000003 e60s721z.001002_00000200     80.693  2019-01-27 04:05:00  29475    1002         1    1002     10000
000004 e60s721z.001002_00000120     81.654  2019-01-27 03:17:19  29676    1002         1    1002     10000
000004 e60s721z.001002_00000210     81.062  2019-01-27 04:21:38  29658    1002         2    1002     10000
000004 e60s721z.001002_00000090     80.782  2019-01-27 06:48:42  29574    1002         2    1002     10000
000004 e60s721z.001002_00000060     80.836  2019-01-27 06:42:41  29742    1002         2    1002     10000
