000001 nts.xshi304.pmnt4s51b0.su2020.001000_00000000.stn   1555.103  2023-10-16 13:05:50 2244144    1000         1    1000   1000000
000002 nts.xshi304.pmnt4s51b0.su2020.001000_00000009.stn   1558.470  2023-10-16 13:11:08 2249541    1000         1    1000   1000000
000003 nts.xshi304.pmnt4s51b0.su2020.001000_00000020.stn   1554.445  2023-10-16 13:16:34 2245858    1000         1    1000   1000000
000004 nts.xshi304.pmnt4s51b0.su2020.001000_00000035.stn   1554.022  2023-10-16 13:21:48 2247080    1000         1    1000   1000000
000005 nts.xshi304.pmnt4s51b0.su2020.001000_00000753.stn   1383.977  2023-10-16 14:59:05 1999031    1000         1    1000   1000000
000006 nts.xshi304.pmnt4s51b0.su2020.001000_00000057.stn   1553.847  2023-10-16 13:32:23 2244030    1000         1    1000   1000000
000007 nts.xshi304.pmnt4s51b0.su2020.001000_00000076.stn   1554.900  2023-10-16 13:37:40 2245931    1000         1    1000   1000000
000008 nts.xshi304.pmnt4s51b0.su2020.001000_00000093.stn   1556.278  2023-10-16 13:42:56 2249119    1000         1    1000   1000000
000009 nts.xshi304.pmnt4s51b0.su2020.001000_00000118.stn   1556.069  2023-10-16 13:48:03 2246703    1000         1    1000   1000000
000010 nts.xshi304.pmnt4s51b0.su2020.001000_00000140.stn   1557.180  2023-10-16 13:53:38 2249514    1000         1    1000   1000000
000011 nts.xshi304.pmnt4s51b0.su2020.001000_00000155.stn   1557.347  2023-10-16 13:59:11 2247945    1000         1    1000   1000000
000012 nts.xshi304.pmnt4s51b0.su2020.001000_00000650.stn   1557.771  2023-10-16 14:54:10 2247182    1000         1    1000   1000000
000013 nts.xshi304.pmnt4s51b0.su2020.001000_00000207.stn   1555.094  2023-10-16 14:10:32 2247489    1000         1    1000   1000000
000014 nts.xshi304.pmnt4s51b0.su2020.001000_00000232.stn   1555.245  2023-10-16 14:16:10 2247754    1000         1    1000   1000000
000015 nts.xshi304.pmnt4s51b0.su2020.001000_00000297.stn   1555.580  2023-10-16 14:21:30 2247978    1000         1    1000   1000000
000016 nts.xshi304.pmnt4s51b0.su2020.001000_00000321.stn   1556.125  2023-10-16 14:26:42 2248611    1000         1    1000   1000000
000017 nts.xshi304.pmnt4s51b0.su2020.001000_00000363.stn   1555.687  2023-10-16 14:32:15 2247139    1000         1    1000   1000000
000018 nts.xshi304.pmnt4s51b0.su2020.001000_00000415.stn   1555.094  2023-10-16 14:37:32 2247094    1000         1    1000   1000000
000019 nts.xshi304.pmnt4s51b0.su2020.001000_00000541.stn   1556.382  2023-10-16 14:43:11 2245905    1000         1    1000   1000000
000020 nts.xshi304.pmnt4s51b0.su2020.001000_00000585.stn   1557.027  2023-10-16 14:48:32 2247573    1000         1    1000   1000000
000021 nts.xshi304.pmnt4s51b0.su2020.001000_00000174.stn   1558.016  2023-10-16 14:04:51 2247941    1000         1    1000   1000000
000022 nts.xshi304.pmnt4s51b0.su2020.001000_00000047.stn   1555.266  2023-10-16 13:27:03 2248185    1000         3    1000   1000000
