000001 r40s721z.001002_00000490     79.587  2019-01-22 07:01:23  27354    1002         1    1002     59998
000001 r40s721z.001002_00000270     79.060  2019-01-22 06:12:57  27154    1002         1    1002     59997
000001 r40s721z.001002_00000020     79.915  2019-01-22 05:54:15  27421    1002         1    1002     59996
000001 r40s721z.001002_00000030     78.977  2019-01-22 06:22:19  27285    1002         1    1002     60000
000001 r40s721z.001002_00000040     79.321  2019-01-22 06:21:06  27326    1002         1    1002     59998
000001 r40s721z.001002_00000050     79.656  2019-01-22 05:34:16  27441    1002         1    1002     59997
000001 r40s721z.001002_00000480     79.514  2019-01-22 07:06:34  27315    1002         1    1002     60000
000001 r40s721z.001002_00000310     79.122  2019-01-22 05:45:55  27319    1002         1    1002     59996
000002 r40s721z.001002_00000080     78.496  2019-01-22 06:22:58  27010    1002         1    1002     59999
000002 r40s721z.001002_00000330     78.888  2019-01-22 06:21:44  27155    1002         1    1002     59991
000002 r40s721z.001002_00000350     79.765  2019-01-22 06:30:45  27469    1002         1    1002     59993
000002 r40s721z.001002_00000110     79.233  2019-01-22 05:35:45  27153    1002         1    1002     59999
000002 r40s721z.001002_00000190     78.939  2019-01-22 05:10:53  27392    1002         1    1002     59999
000002 r40s721z.001002_00000380     78.562  2019-01-22 05:11:55  27230    1002         1    1002     59999
000002 r40s721z.001002_00000400     78.987  2019-01-22 04:54:28  27258    1002         1    1002     60000
000002 r40s721z.001002_00000280     78.491  2019-01-22 05:16:59  27190    1002         1    1002     60000
000003 r40s721z.001002_00000160     79.111  2019-01-22 06:14:16  27274    1002         2    1002     59998
000003 r40s721z.001002_00000130     78.794  2019-01-22 05:50:20  27205    1002         2    1002     59992
000003 r40s721z.001002_00000180     79.214  2019-01-22 06:41:48  27146    1002         2    1002     59996
000003 r40s721z.001002_00000120     77.979  2019-01-22 06:26:28  26985    1002         2    1002     60000
000003 r40s721z.001002_00000370     79.304  2019-01-22 05:13:16  27453    1002         2    1002     60000
000003 r40s721z.001002_00000420     79.121  2019-01-22 05:13:52  27228    1002         2    1002     59998
000003 r40s721z.001002_00000220     79.362  2019-01-22 05:15:25  27260    1002         2    1002     60000
000003 r40s721z.001002_00000230     79.438  2019-01-22 06:39:58  27399    1002         2    1002     59994
000004 r40s721z.001002_00000430     78.846  2019-01-22 05:03:09  27131    1002         2    1002     60000
000004 r40s721z.001002_00000440     79.266  2019-01-22 05:11:55  27224    1002         2    1002     59997
000004 r40s721z.001002_00000260     78.541  2019-01-22 06:11:57  27169    1002         2    1002     60000
000004 r40s721z.001002_00000010     80.389  2019-01-22 05:31:41  27641    1002         2    1002     59998
000004 r40s721z.001002_00000140     79.600  2019-01-22 06:25:11  27353    1002         2    1002     59998
000004 r40s721z.001002_00000250     78.484  2019-01-22 05:13:10  27109    1002         2    1002     59996
000004 r40s721z.001002_00000300     79.510  2019-01-22 06:08:09  27261    1002         3    1002     60000
000004 r40s721z.001002_00000460     79.404  2019-01-22 07:02:25  27295    1002         3    1002     59999
000005 r40s721z.001002_00000450     79.574  2019-01-22 05:18:05  27455    1002         3    1002     59999
000005 r40s721z.001002_00000070     78.868  2019-01-22 06:33:21  27095    1002         3    1002     59998
000005 r40s721z.001002_00000090     78.602  2019-01-22 05:53:27  27054    1002         3    1002     59999
000005 r40s721z.001002_00000210     78.460  2019-01-22 05:01:46  27022    1002         3    1002     60000
000005 r40s721z.001002_00000360     80.456  2019-01-22 06:44:26  27664    1002         3    1002     60000
000005 r40s721z.001002_00000390     78.896  2019-01-22 05:17:46  27081    1002         3    1002     59998
000005 r40s721z.001002_00000000     78.955  2019-01-22 05:16:49  27222    1002         3    1002     60000
000005 r40s721z.001002_00000240     79.327  2019-01-22 06:27:03  27347    1002         4    1002     59997
000006 r40s721z.001002_00000470     78.803  2019-01-22 07:13:58  27227    1002         4    1002     59994
000006 r40s721z.001002_00000410     78.147  2019-01-22 07:21:53  26991    1002         4    1002     59996
000006 r40s721z.001002_00000170     79.110  2019-01-22 05:10:59  27239    1002         5    1002     59999
000006 r40s721z.001002_00000290     78.723  2019-01-22 06:08:12  27209    1002         5    1002     59999
000006 r40s721z.001002_00000100     78.943  2019-01-22 06:27:39  27148    1002         5    1002     59993
000006 r40s721z.001002_00000320     79.116  2019-01-22 05:36:16  27256    1002         5    1002     60000
000006 r40s721z.001002_00000060     78.746  2019-01-22 06:15:47  27315    1002         6    1002     60000
000006 r40s721z.001002_00000150     79.767  2019-01-22 05:21:34  27581    1002         6    1002     59998
000007 r40s721z.001002_00000200     78.739  2019-01-22 07:14:20  27113    1002         7    1002     59999
000007 r40s721z.001002_00000340     79.180  2019-01-22 05:11:40  27281    1002        10    1002     59992
