000001 nts.mu2e.rmce1s51b0.su2020.001000_00000010.stn      1.631  2020-07-30 17:20:44   1720    1000        27    1000    100000
000001 nts.mu2e.rmce1s51b0.su2020.001000_00000040.stn      1.548  2020-07-30 16:54:37   1718    1000        31    1000     99951
000001 nts.mu2e.rmce1s51b0.su2020.001000_00000000.stn      1.617  2020-07-30 17:17:00   1751    1000        63    1000     99959
000001 nts.mu2e.rmce1s51b0.su2020.001000_00000080.stn      1.568  2020-07-30 17:19:29   1753    1000        97    1000     99950
000001 nts.mu2e.rmce1s51b0.su2020.001000_00000050.stn      1.588  2020-07-30 17:19:31   1730    1000       101    1000     99979
000001 nts.mu2e.rmce1s51b0.su2020.001000_00000020.stn      1.511  2020-07-30 16:54:31   1663    1000       111    1000     99903
000001 nts.mu2e.rmce1s51b0.su2020.001000_00000030.stn      1.549  2020-07-30 16:55:55   1745    1000       124    1000     99806
000001 nts.mu2e.rmce1s51b0.su2020.001000_00000070.stn      1.660  2020-07-30 17:27:32   1776    1000       190    1000     99980
000001 nts.mu2e.rmce1s51b0.su2020.001000_00000060.stn      1.572  2020-07-30 17:30:32   1751    1000       262    1000     99993
000001 nts.mu2e.rmce1s51b0.su2020.001000_00000090.stn      1.672  2020-07-30 17:08:09   1782    1000       272    1000     99997
