000001 nts.mu2e.fele2s51b1.su2020.001000_00003000.stn   1285.773  2020-12-02 13:34:52 374906    1000         1    1000      2000
000002 nts.mu2e.fele2s51b1.su2020.001000_00003500.stn   1284.976  2020-12-02 13:39:54 375060    1000         1    1000      2000
000003 nts.mu2e.fele2s51b1.su2020.001000_00002500.stn   1287.881  2020-12-02 12:48:15 375488    1000         1    1000      2000
000004 nts.mu2e.fele2s51b1.su2020.001000_00002000.stn   1287.749  2020-12-01 21:04:22 375128    1000         1    1000      2000
000005 nts.mu2e.fele2s51b1.su2020.001000_00001500.stn   1283.689  2020-12-01 20:56:08 374029    1000         1    1000      2000
000006 nts.mu2e.fele2s51b1.su2020.001000_00004000.stn   1271.406  2020-12-02 13:43:58 370750    1000         1    1000      2000
000007 nts.mu2e.fele2s51b1.su2020.001000_00001000.stn   1287.705  2020-12-01 20:51:35 375246    1000         1    1000      2000
000008 nts.mu2e.fele2s51b1.su2020.001000_00000500.stn   1285.746  2020-12-01 19:08:15 374866    1000         1    1000      2000
000009 nts.mu2e.fele2s51b1.su2020.001000_00000000.stn   1286.556  2020-11-29 13:08:30 375119    1000         1    1000      2000
000010 nts.mu2e.fele2s51b1.su2020.001000_00004500.stn   1289.279  2020-12-02 13:53:28 375473    1000         1    1000      2000
