000001 e11s721z.001002_00000000   1473.926  2019-01-28 14:56:52 339180    1002         1    1002       500
000002 e11s721z.001002_00002509   1480.471  2019-01-28 15:12:06 338032    1002         1    1002       500
000003 e11s721z.001002_00005083   1476.605  2019-01-28 15:16:23 339372    1002         1    1002       500
000004 e11s721z.001002_00007579   1474.253  2019-01-28 15:20:29 338921    1002         1    1002       500
000005 e11s721z.001002_00010048   1475.089  2019-01-28 15:25:17 338720    1002         1    1002       500
000006 e11s721z.001002_00012593   1471.148  2019-01-28 15:29:03 338109    1002         1    1002       500
000007 e11s721z.001002_00015042   1476.083  2019-01-28 15:32:59 338971    1002         1    1002       500
000008 e11s721z.001002_00017458   1473.671  2019-01-28 15:39:04 338809    1002         1    1002       500
000009 e11s721z.001002_00020024   1472.936  2019-01-28 15:44:55 338676    1002         1    1002       500
000010 e11s721z.001002_00022525   1472.048  2019-01-28 15:51:18 338016    1002         1    1002       500
000011 e11s721z.001002_00025044   1472.054  2019-01-28 15:56:55 338209    1002         1    1002       500
000012 e11s721z.001002_00027572   1473.537  2019-01-28 16:00:19 339171    1002         1    1002       500
000013 e11s721z.001002_00030050   1471.307  2019-01-28 16:03:46 338523    1002         1    1002       500
000014 e11s721z.001002_00032515   1471.450  2019-01-28 16:07:14 338391    1002         1    1002       500
000015 e11s721z.001002_00035015   1474.874  2019-01-28 16:10:24 338818    1002         1    1002       500
000016 e11s721z.001002_00037489   1473.489  2019-01-28 16:13:35 338234    1002         1    1002       500
000017 e11s721z.001002_00039941     36.296  2019-01-28 16:13:43   8264    1002         1    1002       500
