000001 nts.mhedges.fele7s51b0.su2020.001000_00000000.stn   1555.889  2021-08-09 10:36:55 523175    1000         1    1000     20000
000002 nts.mhedges.fele7s51b0.su2020.001000_00000076.stn   1574.358  2021-08-09 10:40:35 529666    1000         1    1000     20000
000003 nts.mhedges.fele7s51b0.su2020.001000_00000155.stn   1574.112  2021-08-09 10:44:24 529213    1000         1    1000     20000
000004 nts.mhedges.fele7s51b0.su2020.001000_00000233.stn   1574.379  2021-08-09 10:48:18 529726    1000         1    1000     20000
000005 nts.mhedges.fele7s51b0.su2020.001000_00000310.stn   1573.979  2021-08-09 10:52:19 529714    1000         1    1000     20000
000006 nts.mhedges.fele7s51b0.su2020.001000_00000387.stn   1555.955  2021-08-09 10:56:03 522644    1000         1    1000     20000
000007 nts.mhedges.fele7s51b0.su2020.001000_00000462.stn   1574.013  2021-08-09 10:59:50 529174    1000         1    1000     20000
000008 nts.mhedges.fele7s51b0.su2020.001000_00000539.stn   1575.220  2021-08-09 11:03:53 529332    1000         1    1000     20000
000009 nts.mhedges.fele7s51b0.su2020.001000_00000616.stn   1556.000  2021-08-09 11:09:58 523175    1000         1    1000     20000
000010 nts.mhedges.fele7s51b0.su2020.001000_00000692.stn    559.655  2021-08-09 11:11:31 187871    1000         1    1000     20000
