000001 c43s5760.0000010018      0.078  2016-05-12 00:40:29     49    1800       157    1800    978964
000001 c43s5760.0000010035      0.062  2016-05-12 00:38:36     36    1800       440    1800    998284
000001 c43s5760.0000010025      0.073  2016-05-12 00:39:52     46    1800       518    1800    990046
000001 c43s5760.0000010039      0.058  2016-05-12 00:38:09     34    1800       898    1800    979316
000001 c43s5760.0000010001      0.071  2016-05-12 00:38:44     43    1800      1327    1800    982154
000001 c43s5760.0000010033      0.074  2016-05-12 00:39:15     48    1800      1376    1800    996164
000001 c43s5760.0000010016      0.066  2016-05-12 00:40:11     41    1800      2484    1800    986577
000001 c43s5760.0000010044      0.067  2016-05-12 00:40:20     41    1800      3435    1800    986889
000001 c43s5760.0000010019      0.065  2016-05-12 00:38:18     40    1800      3617    1800    996344
000001 c43s5760.0000010029      0.067  2016-05-12 00:38:01     40    1800      4113    1800    981021
000001 c43s5760.0000010045      0.065  2016-05-12 00:40:22     40    1800      4323    1800    916215
000001 c43s5760.0000010023      0.073  2016-05-12 00:40:21     46    1800      5123    1800    975648
000001 c43s5760.0000010038      0.067  2016-05-12 00:37:39     40    1800      6207    1800    991765
000001 c43s5760.0000010049      0.071  2016-05-12 00:38:39     46    1800      6402    1800    977436
000001 c43s5760.0000010017      0.058  2016-05-12 00:38:23     34    1800      6781    1800    974372
000001 c43s5760.0000010030      0.063  2016-05-12 00:37:19     37    1800      7902    1800    993882
000001 c43s5760.0000010040      0.068  2016-05-12 00:38:24     42    1800      9179    1800    993163
000001 c43s5760.0000010003      0.054  2016-05-12 00:37:25     32    1800      9312    1800    983700
000001 c43s5760.0000010008      0.065  2016-05-12 00:37:57     39    1800      9535    1800    982590
000001 c43s5760.0000010013      0.088  2016-05-12 00:39:40     57    1800      9718    1800    982029
000001 c43s5760.0000010032      0.055  2016-05-12 00:38:14     33    1800      9868    1800    980682
000001 c43s5760.0000010012      0.059  2016-05-12 00:37:58     35    1800     10548    1800    976230
000001 c43s5760.0000010009      0.072  2016-05-12 00:37:25     43    1800     12229    1800    980826
000001 c43s5760.0000010028      0.060  2016-05-12 00:39:21     35    1800     12941    1800    970832
000001 c43s5760.0000010024      0.083  2016-05-12 00:40:15     51    1800     13394    1800    947162
000001 c43s5760.0000010002      0.068  2016-05-12 00:39:19     42    1800     13909    1800    980389
000001 c43s5760.0000010031      0.060  2016-05-12 00:38:42     34    1800     15283    1800    986410
000001 c43s5760.0000010014      0.060  2016-05-12 00:38:04     35    1800     15507    1800    985406
000001 c43s5760.0000010011      0.059  2016-05-12 00:37:20     33    1800     16070    1800    900812
000001 c43s5760.0000010015      0.068  2016-05-12 00:38:13     42    1800     18834    1800    999261
000001 c43s5760.0000010026      0.078  2016-05-12 00:39:56     49    1800     18897    1800    993066
000001 c43s5760.0000010006      0.069  2016-05-12 00:38:32     42    1800     19044    1800    971837
000001 c43s5760.0000010007      0.061  2016-05-12 00:37:34     37    1800     19791    1800    989045
000001 c43s5760.0000010010      0.074  2016-05-12 00:36:57     46    1800     19943    1800    992341
000001 c43s5760.0000010005      0.072  2016-05-12 00:39:54     45    1800     20159    1800    963773
000001 c43s5760.0000010043      0.067  2016-05-12 00:40:29     40    1800     21324    1800    997080
000001 c43s5760.0000010000      0.064  2016-05-12 00:36:30     40    1800     24431    1800    959233
000001 c43s5760.0000010034      0.077  2016-05-12 00:38:31     48    1800     25209    1800    988693
000001 c43s5760.0000010027      0.060  2016-05-12 00:37:14     37    1800     27873    1800    977527
000001 c43s5760.0000010037      0.067  2016-05-12 00:39:40     41    1800     27914    1800    971129
000001 c43s5760.0000010004      0.061  2016-05-12 00:38:00     35    1800     28279    1800    967435
000001 c43s5760.0000010041      0.082  2016-05-12 00:39:05     52    1800     28465    1800    987059
000001 c43s5760.0000010048      0.062  2016-05-12 00:40:35     37    1800     28884    1800    965345
000001 c43s5760.0000010020      0.059  2016-05-12 00:38:38     35    1800     29717    1800    983556
000001 c43s5760.0000010022      0.060  2016-05-12 00:39:27     34    1800     34000    1800    985393
000001 c43s5760.0000010047      0.071  2016-05-12 00:40:42     44    1800     36747    1800    972308
000001 c43s5760.0000010036      0.067  2016-05-12 00:38:29     43    1800     37290    1800    981593
000001 c43s5760.0000010042      0.062  2016-05-12 00:37:28     35    1800     45549    1800    981052
000001 c43s5760.0000010021      0.082  2016-05-12 00:41:13     50    1800     57571    1800    979541
000001 c43s5760.0000010046      0.065  2016-05-12 00:40:03     38    1800     58999    1800    995354
