000001 nts.murat.tvst002r02.trkvst.100003_00000000.stn    121.446  2022-08-21 19:29:55 3062944  100003   6719338  100003  58929433
000002 nts.murat.tvst002r02.trkvst.100004_00000000.stn    253.920  2022-08-21 20:38:29 6820422  100004       616  100004 243764654
000003 nts.murat.tvst002r02.trkvst.100005_00000000.stn    120.728  2022-08-21 19:40:09 2925885  100005   9978094  100005 150893478
000004 nts.murat.tvst002r02.trkvst.100006_00000000.stn    226.543  2022-08-21 20:15:48 4692729  100006       591  100006 276033923
000005 nts.murat.tvst002r02.trkvst.100007_00000000.stn    305.884  2022-08-21 21:31:18 8606212  100007       220  100007 257423097
000006 nts.murat.tvst002r02.trkvst.100008_00000000.stn    172.031  2022-08-21 19:57:47 3710287  100008       538  100008 232661576
000007 nts.murat.tvst002r02.trkvst.100009_00000000.stn    199.053  2022-08-21 21:51:02 4427564  100009       549  100009 264237796
000008 nts.murat.tvst002r02.trkvst.100010_00000000.stn    200.182  2022-08-21 21:51:39 4432974  100010       499  100010 259726017
000009 nts.murat.tvst002r02.trkvst.100011_00000000.stn    199.518  2022-08-21 21:57:54 4403148  100011       319  100011 253760364
000010 nts.murat.tvst002r02.trkvst.100012_00000000.stn     73.677  2022-08-21 20:59:04 1538874  100012        43  100012 293757790
000011 nts.murat.tvst002r02.trkvst.100013_00000000.stn    173.362  2022-08-21 21:45:42 3913125  100013      1162  100013 231636153
000012 nts.murat.tvst002r02.trkvst.100014_00000000.stn    177.635  2022-08-21 21:47:20 3992305  100014       688  100014 226610154
000013 nts.murat.tvst002r02.trkvst.100015_00000000.stn    196.992  2022-08-21 21:50:55 4266395  100015       441  100015 268863818
