000001 ccd35601.0000010000      2.654  2016-02-29 17:05:18    593    4001         1    4001       999
000001 ccd35601.0000010001      2.578  2016-02-29 17:15:53    600    4001         1    4001      1000
000001 ccd35601.0000010002      2.709  2016-02-29 17:16:05    600    4001         1    4001       999
000001 ccd35601.0000010003      2.705  2016-02-29 17:17:21    607    4001         1    4001       999
000001 ccd35601.0000010004      2.703  2016-02-29 17:17:29    619    4001         1    4001      1000
000001 ccd35601.0000010005      2.655  2016-02-29 17:08:51    594    4001         1    4001      1000
000001 ccd35601.0000010006      2.611  2016-02-29 17:07:06    580    4001         1    4001       997
000001 ccd35601.0000010018      2.597  2016-02-29 17:22:14    603    4001         1    4001       999
000001 ccd35601.0000010016      2.516  2016-02-29 17:08:48    572    4001         1    4001       999
000001 ccd35601.0000010014      2.622  2016-02-29 17:18:09    612    4001         1    4001      1000
000001 ccd35601.0000010012      2.542  2016-02-29 17:01:26    570    4001         1    4001      1000
000001 ccd35601.0000010013      2.647  2016-02-29 17:07:19    585    4001         1    4001      1000
000001 ccd35601.0000010019      2.737  2016-02-29 17:13:12    626    4001         1    4001       999
000001 ccd35601.0000010011      2.691  2016-02-29 17:04:06    603    4001         2    4001      1000
000001 ccd35601.0000010010      2.682  2016-02-29 17:02:19    610    4001         2    4001      1000
000001 ccd35601.0000010015      2.681  2016-02-29 17:05:16    613    4001         2    4001      1000
000001 ccd35601.0000010007      2.640  2016-02-29 17:11:20    602    4001         2    4001       999
000001 ccd35601.0000010008      2.458  2016-02-29 17:14:45    572    4001         2    4001      1000
000001 ccd35601.0000010017      2.573  2016-02-29 17:28:04    578    4001         3    4001       999
000001 ccd35601.0000010009      2.650  2016-02-29 17:21:11    604    4001         3    4001       999
