000001 bmup4s51b2.60426984.stn   2156.490  2023-04-07 09:52:18 625021    1000         1    1000    873199
000002 bmup4s51b2.67085460.stn   2139.341  2023-04-07 09:56:13 620347    1000         1    1000    873198
000003 bmup4s51b2.67084578.stn   2161.778  2023-04-07 09:44:04 626438    1000         1    1000    873198
000004 bmup4s51b2.66904721.stn   2138.989  2023-04-07 08:58:20 620782    1000         1    1000    873200
000005 bmup4s51b2.60271168.stn   2083.720  2023-04-07 10:04:02 604614    1000         2    1000    873199
000006 bmup4s51b2.60426105.stn   2153.566  2023-04-07 09:27:02 623203    1000         2    1000    873199
000007 bmup4s51b2.67084062.stn   2148.758  2023-04-07 09:40:27 622979    1000         2    1000    873200
000008 bmup4s51b2.66905841.stn   2125.228  2023-04-07 10:08:58 616198    1000         2    1000    873194
000009 bmup4s51b2.60426090.stn   2159.846  2023-04-07 09:14:20 626010    1000         5    1000    873199
000010 bmup4s51b2.67676421.stn   2161.216  2023-04-22 16:57:59 625587    1000         7    1000    873200
