000001 nts.murat.bmup2b0s54r0100.pipenu.001210_00000001.stn   1592.924  2024-03-29 15:14:34 1695994    1210         1    1210   1600000
000002 nts.murat.bmup2b0s54r0100.pipenu.001210_00000024.stn   1586.921  2024-03-29 15:18:28 1688987    1210         1    1210   1600000
000003 nts.murat.bmup2b0s54r0100.pipenu.001210_00000983.stn   1044.033  2024-03-29 16:24:15 1112715    1210         1    1210   1600000
000004 nts.murat.bmup2b0s54r0100.pipenu.001210_00000073.stn   1591.432  2024-03-29 15:19:15 1692876    1210         1    1210   1600000
000005 nts.murat.bmup2b0s54r0100.pipenu.001210_00000099.stn   1576.949  2024-03-29 14:45:03 1680839    1210         1    1210   1599999
000006 nts.murat.bmup2b0s54r0100.pipenu.001210_00000125.stn   1601.312  2024-03-29 15:33:47 1704770    1210         1    1210   1600000
000007 nts.murat.bmup2b0s54r0100.pipenu.001210_00000152.stn   1606.915  2024-03-29 15:37:13 1710375    1210         1    1210   1599999
000008 nts.murat.bmup2b0s54r0100.pipenu.001210_00000183.stn   1610.811  2024-03-29 16:15:11 1715656    1210         1    1210   1600000
000009 nts.murat.bmup2b0s54r0100.pipenu.001210_00000212.stn   1597.913  2024-03-29 15:30:17 1702315    1210         1    1210   1599997
000010 nts.murat.bmup2b0s54r0100.pipenu.001210_00000962.stn   1596.294  2024-03-29 16:14:04 1698009    1210         1    1210   1599999
000011 nts.murat.bmup2b0s54r0100.pipenu.001210_00000938.stn   1580.816  2024-03-29 16:20:01 1682818    1210         1    1210   1600000
000012 nts.murat.bmup2b0s54r0100.pipenu.001210_00000285.stn   1582.064  2024-03-29 16:02:01 1685169    1210         1    1210   1599999
000013 nts.murat.bmup2b0s54r0100.pipenu.001210_00000305.stn   1590.010  2024-03-29 15:58:27 1692773    1210         1    1210   1600000
000014 nts.murat.bmup2b0s54r0100.pipenu.001210_00000327.stn   1582.176  2024-03-29 16:02:44 1683668    1210         1    1210   1600000
000015 nts.murat.bmup2b0s54r0100.pipenu.001210_00000354.stn   1579.237  2024-03-29 16:35:31 1680706    1210         1    1210   1600000
000016 nts.murat.bmup2b0s54r0100.pipenu.001210_00000916.stn   1600.115  2024-03-29 16:24:21 1705980    1210         1    1210   1600000
000017 nts.murat.bmup2b0s54r0100.pipenu.001210_00000404.stn   1592.805  2024-03-29 16:42:03 1695549    1210         1    1210   1600000
000018 nts.murat.bmup2b0s54r0100.pipenu.001210_00000893.stn   1588.574  2024-03-29 16:26:15 1690631    1210         1    1210   1599999
000019 nts.murat.bmup2b0s54r0100.pipenu.001210_00000449.stn   1580.793  2024-03-29 17:22:23 1686270    1210         1    1210   1600000
000020 nts.murat.bmup2b0s54r0100.pipenu.001210_00000473.stn   1602.586  2024-03-29 16:06:03 1704969    1210         1    1210   1600000
000021 nts.murat.bmup2b0s54r0100.pipenu.001210_00000866.stn   1565.517  2024-03-29 16:01:37 1667214    1210         1    1210   1599998
000022 nts.murat.bmup2b0s54r0100.pipenu.001210_00000674.stn   1590.853  2024-03-29 16:05:51 1693414    1210         1    1210   1600000
000023 nts.murat.bmup2b0s54r0100.pipenu.001210_00000844.stn   1577.917  2024-03-29 16:26:41 1678437    1210         1    1210   1600000
000024 nts.murat.bmup2b0s54r0100.pipenu.001210_00000567.stn   1603.491  2024-03-29 15:55:48 1708002    1210         1    1210   1599998
000025 nts.murat.bmup2b0s54r0100.pipenu.001210_00000588.stn   1603.524  2024-03-29 15:53:33 1707533    1210         1    1210   1599998
000026 nts.murat.bmup2b0s54r0100.pipenu.001210_00000609.stn   1589.864  2024-03-29 15:53:17 1691414    1210         1    1210   1599998
000027 nts.murat.bmup2b0s54r0100.pipenu.001210_00000792.stn   1592.872  2024-03-29 16:08:37 1697055    1210         1    1210   1599999
000028 nts.murat.bmup2b0s54r0100.pipenu.001210_00000768.stn   1584.397  2024-03-29 16:33:05 1686245    1210         1    1210   1599999
000029 nts.murat.bmup2b0s54r0100.pipenu.001210_00000520.stn   1607.256  2024-03-29 15:57:01 1712579    1210         1    1210   1599999
000030 nts.murat.bmup2b0s54r0100.pipenu.001210_00000046.stn   1613.865  2024-03-29 14:49:23 1718427    1210         2    1210   1600000
000031 nts.murat.bmup2b0s54r0100.pipenu.001210_00000718.stn   1592.107  2024-03-29 16:47:51 1692794    1210         2    1210   1599999
000032 nts.murat.bmup2b0s54r0100.pipenu.001210_00000742.stn   1577.468  2024-03-29 16:02:32 1678815    1210         2    1210   1599998
000033 nts.murat.bmup2b0s54r0100.pipenu.001210_00000377.stn   1584.743  2024-03-29 16:42:15 1685822    1210         2    1210   1600000
000034 nts.murat.bmup2b0s54r0100.pipenu.001210_00000631.stn   1600.948  2024-03-29 15:51:47 1703725    1210         2    1210   1600000
000035 nts.murat.bmup2b0s54r0100.pipenu.001210_00000817.stn   1592.929  2024-03-29 16:25:01 1694521    1210         2    1210   1599997
000036 nts.murat.bmup2b0s54r0100.pipenu.001210_00000428.stn   1595.998  2024-03-29 16:40:05 1698473    1210         2    1210   1599998
000037 nts.murat.bmup2b0s54r0100.pipenu.001210_00000496.stn   1588.587  2024-03-29 17:08:02 1690376    1210         2    1210   1600000
000038 nts.murat.bmup2b0s54r0100.pipenu.001210_00000545.stn   1589.455  2024-03-29 16:00:44 1694175    1210         2    1210   1599999
000039 nts.murat.bmup2b0s54r0100.pipenu.001210_00000695.stn   1590.040  2024-03-29 15:59:23 1692565    1210         3    1210   1599999
000040 nts.murat.bmup2b0s54r0100.pipenu.001210_00000264.stn   1592.179  2024-03-29 16:03:13 1695679    1210         3    1210   1599999
000041 nts.murat.bmup2b0s54r0100.pipenu.001210_00000242.stn   1598.117  2024-03-29 15:31:49 1701086    1210         4    1210   1600000
000042 nts.murat.bmup2b0s54r0100.pipenu.001210_00000652.stn   1611.192  2024-03-29 16:07:57 1716091    1210         7    1210   1600000
