000001 e40s721z.001002_00000000     65.708  2019-01-21 09:50:09  15210    1002         1    1002      9999
000001 e40s721z.001002_00000195     66.008  2019-01-21 08:34:06  15223    1002         1    1002     10000
000001 e40s721z.001002_00000010     66.908  2019-01-21 09:41:37  15346    1002         1    1002      9998
000001 e40s721z.001002_00000015     65.271  2019-01-21 08:11:10  15069    1002         1    1002     10000
000001 e40s721z.001002_00000020     65.295  2019-01-21 08:29:39  15090    1002         1    1002      9999
000001 e40s721z.001002_00000025     65.661  2019-01-21 08:09:21  15187    1002         1    1002     10000
000001 e40s721z.001002_00000190     66.132  2019-01-21 09:04:10  15205    1002         1    1002     10000
000001 e40s721z.001002_00000035     65.434  2019-01-21 08:12:34  15190    1002         1    1002     10000
000001 e40s721z.001002_00000040     64.819  2019-01-21 09:44:38  15016    1002         1    1002     10000
000001 e40s721z.001002_00000175     65.173  2019-01-21 09:09:35  15038    1002         1    1002     10000
000001 e40s721z.001002_00000050     65.614  2019-01-21 08:04:33  15092    1002         1    1002     10000
000001 e40s721z.001002_00000055     65.353  2019-01-21 08:13:41  15048    1002         1    1002     10000
000001 e40s721z.001002_00000060     65.074  2019-01-21 08:13:07  15164    1002         1    1002     10000
000001 e40s721z.001002_00000065     66.405  2019-01-21 08:14:38  15327    1002         1    1002     10000
000002 e40s721z.001002_00000070     67.305  2019-01-21 08:31:21  15305    1002         1    1002     10000
000002 e40s721z.001002_00000170     65.791  2019-01-21 09:01:43  15182    1002         1    1002     10000
000002 e40s721z.001002_00000080     66.282  2019-01-21 07:50:01  15326    1002         1    1002     10000
000002 e40s721z.001002_00000085     65.743  2019-01-21 09:33:21  15105    1002         1    1002     10000
000002 e40s721z.001002_00000090     66.365  2019-01-21 09:04:22  15213    1002         1    1002     10000
000002 e40s721z.001002_00000095     66.363  2019-01-21 08:14:12  15247    1002         1    1002     10000
000002 e40s721z.001002_00000145     65.950  2019-01-21 08:21:18  15229    1002         1    1002     10000
000002 e40s721z.001002_00000105     67.281  2019-01-21 08:15:05  15481    1002         1    1002     10000
000002 e40s721z.001002_00000110     66.681  2019-01-21 09:54:43  15362    1002         1    1002     10000
000002 e40s721z.001002_00000115     64.887  2019-01-21 07:59:19  15064    1002         1    1002     10000
000002 e40s721z.001002_00000165     65.851  2019-01-21 08:11:07  15264    1002         1    1002     10000
000002 e40s721z.001002_00000125     65.910  2019-01-21 09:02:25  15246    1002         1    1002      9999
000002 e40s721z.001002_00000160     65.975  2019-01-21 09:01:21  15242    1002         1    1002     10000
000002 e40s721z.001002_00000135     65.565  2019-01-21 09:53:12  15199    1002         1    1002     10000
000003 e40s721z.001002_00000140     66.059  2019-01-21 09:00:17  15192    1002         1    1002     10000
000003 e40s721z.001002_00000100     65.450  2019-01-21 08:40:30  15105    1002         1    1002     10000
000003 e40s721z.001002_00000150     65.525  2019-01-21 08:13:27  15146    1002         2    1002     10000
000003 e40s721z.001002_00000005     66.904  2019-01-21 09:50:14  15466    1002         2    1002     10000
000003 e40s721z.001002_00000130     66.660  2019-01-21 08:11:44  15275    1002         2    1002     10000
000003 e40s721z.001002_00000120     65.832  2019-01-21 08:09:34  15140    1002         2    1002     10000
000003 e40s721z.001002_00000075     66.534  2019-01-21 08:09:48  15342    1002         2    1002     10000
000003 e40s721z.001002_00000030     65.444  2019-01-21 09:49:42  15100    1002         2    1002     10000
000003 e40s721z.001002_00000180     65.310  2019-01-21 09:06:44  15131    1002         2    1002     10000
000003 e40s721z.001002_00000185     64.966  2019-01-21 09:01:10  15170    1002         2    1002      9999
000003 e40s721z.001002_00000045     65.534  2019-01-21 08:22:44  15162    1002         2    1002     10000
000003 e40s721z.001002_00000155     65.175  2019-01-21 08:57:11  15086    1002         3    1002     10000
