000001 e30s721z.001002_00000195     56.191  2019-01-24 06:57:44  18734    1002         1    1002     10000
000001 e30s721z.001002_00000005     54.925  2019-01-24 05:17:08  18425    1002         1    1002     10000
000001 e30s721z.001002_00000010     55.318  2019-01-24 04:14:24  18443    1002         1    1002     10000
000001 e30s721z.001002_00000015     55.328  2019-01-24 05:44:53  18467    1002         1    1002     10000
000001 e30s721z.001002_00000020     55.842  2019-01-24 03:59:44  18603    1002         1    1002     10000
000001 e30s721z.001002_00000025     55.354  2019-01-24 03:34:15  18488    1002         1    1002     10000
000001 e30s721z.001002_00000030     56.255  2019-01-24 05:30:08  18660    1002         1    1002     10000
000001 e30s721z.001002_00000035     55.219  2019-01-24 04:00:40  18439    1002         1    1002     10000
000001 e30s721z.001002_00000040     55.795  2019-01-24 04:15:48  18729    1002         1    1002     10000
000001 e30s721z.001002_00000045     55.686  2019-01-24 05:37:02  18553    1002         1    1002     10000
000001 e30s721z.001002_00000050     55.384  2019-01-24 03:42:27  18436    1002         1    1002     10000
000002 e30s721z.001002_00000055     55.794  2019-01-24 03:51:50  18556    1002         1    1002     10000
000002 e30s721z.001002_00000060     55.017  2019-01-24 05:11:17  18458    1002         1    1002     10000
000002 e30s721z.001002_00000065     55.700  2019-01-24 06:53:47  18464    1002         1    1002     10000
000002 e30s721z.001002_00000185     56.179  2019-01-24 06:53:13  18633    1002         1    1002     10000
000002 e30s721z.001002_00000075     56.136  2019-01-24 06:58:36  18720    1002         1    1002     10000
000002 e30s721z.001002_00000080     56.158  2019-01-24 04:27:58  18672    1002         1    1002     10000
000002 e30s721z.001002_00000085     55.428  2019-01-24 06:55:53  18541    1002         1    1002     10000
000002 e30s721z.001002_00000090     55.576  2019-01-24 03:45:53  18587    1002         1    1002     10000
000002 e30s721z.001002_00000095     56.171  2019-01-24 05:35:12  18540    1002         1    1002     10000
000002 e30s721z.001002_00000170     55.578  2019-01-24 05:17:38  18504    1002         1    1002     10000
000002 e30s721z.001002_00000105     55.003  2019-01-24 04:15:11  18456    1002         1    1002     10000
000003 e30s721z.001002_00000110     55.769  2019-01-24 06:56:35  18597    1002         1    1002     10000
000003 e30s721z.001002_00000115     55.385  2019-01-24 04:10:07  18462    1002         1    1002     10000
000003 e30s721z.001002_00000120     55.404  2019-01-24 05:13:40  18508    1002         1    1002     10000
000003 e30s721z.001002_00000125     54.915  2019-01-24 05:37:47  18311    1002         1    1002     10000
000003 e30s721z.001002_00000130     55.855  2019-01-24 03:49:24  18623    1002         1    1002     10000
000003 e30s721z.001002_00000135     54.987  2019-01-24 05:31:19  18443    1002         1    1002     10000
000003 e30s721z.001002_00000140     56.156  2019-01-24 04:19:24  18703    1002         1    1002      9998
000003 e30s721z.001002_00000145     55.421  2019-01-24 04:22:54  18414    1002         1    1002     10000
000003 e30s721z.001002_00000180     56.046  2019-01-24 04:05:12  18644    1002         1    1002     10000
000003 e30s721z.001002_00000175     55.347  2019-01-24 03:47:59  18446    1002         1    1002     10000
000003 e30s721z.001002_00000160     55.990  2019-01-24 03:50:36  18556    1002         1    1002     10000
000004 e30s721z.001002_00000100     55.984  2019-01-24 06:45:06  18630    1002         1    1002     10000
000004 e30s721z.001002_00000165     56.241  2019-01-24 05:37:49  18653    1002         2    1002     10000
000004 e30s721z.001002_00000155     55.928  2019-01-24 04:16:19  18399    1002         2    1002      9999
000004 e30s721z.001002_00000150     55.112  2019-01-24 04:03:58  18416    1002         2    1002      9999
000004 e30s721z.001002_00000190     55.452  2019-01-24 05:31:56  18425    1002         2    1002     10000
000004 e30s721z.001002_00000070     55.454  2019-01-24 04:11:43  18507    1002         2    1002     10000
000004 e30s721z.001002_00000000     55.316  2019-01-24 03:40:46  18512    1002         3    1002      9998
