000001 nts.murat.tvst202r02.trkvst.100003_00000000.stn     59.265  2022-10-21 11:48:13 238971  100003   6719439  100003  58929361
000002 nts.murat.tvst202r02.trkvst.100004_00000000.stn    268.567  2022-10-21 12:12:33 1095080  100004       973  100004 243764631
000003 nts.murat.tvst202r02.trkvst.100005_00000000.stn    148.740  2022-10-21 12:28:55 611396  100005   9978094  100005 150892974
000004 nts.murat.tvst202r02.trkvst.100006_00000000.stn    288.704  2022-10-21 12:45:42 1183474  100006      1133  100006 276033923
000005 nts.murat.tvst202r02.trkvst.100007_00000000.stn    291.647  2022-10-21 13:09:59 1161427  100007       220  100007 257422802
000006 nts.murat.tvst202r02.trkvst.100008_00000000.stn    245.278  2022-10-21 13:21:06 1012296  100008       595  100008 232661342
000007 nts.murat.tvst202r02.trkvst.100009_00000000.stn    277.274  2022-10-21 13:56:40 1149519  100009       869  100009 264237771
000008 nts.murat.tvst202r02.trkvst.100010_00000000.stn    277.760  2022-10-21 14:30:14 1145711  100010       499  100010 259725977
000009 nts.murat.tvst202r02.trkvst.100011_00000000.stn    275.408  2022-10-21 14:45:54 1134379  100011       319  100011 253760201
000010 nts.murat.tvst202r02.trkvst.100012_00000000.stn     91.121  2022-10-21 14:52:39 377438  100012        43  100012 293757742
000011 nts.murat.tvst202r02.trkvst.100013_00000000.stn    239.065  2022-10-21 15:11:45 993665  100013      1439  100013 231636038
000012 nts.murat.tvst202r02.trkvst.100014_00000000.stn    243.548  2022-10-21 16:47:05 1004100  100014       688  100014 226609949
000013 nts.murat.tvst202r02.trkvst.100015_00000000.stn    281.101  2022-10-21 16:35:50 1163774  100015       441  100015 268863818
