000001 nts.murat.bmup4b0s54r0100.pipenu.001210_00000000.stn   2020.996  2024-03-29 16:47:21 2175480    1210         1    1210   1600000
000002 nts.murat.bmup4b0s54r0100.pipenu.001210_00000050.stn   2017.026  2024-03-29 16:46:25 2173398    1210         1    1210   1599999
000003 nts.murat.bmup4b0s54r0100.pipenu.001210_00000100.stn   2021.851  2024-03-29 16:46:32 2173920    1210         1    1210   1600000
000004 nts.murat.bmup4b0s54r0100.pipenu.001210_00000150.stn   2005.510  2024-03-29 16:48:44 2160932    1210         1    1210   1600000
000005 nts.murat.bmup4b0s54r0100.pipenu.001210_00000200.stn   2013.529  2024-03-29 16:58:23 2165762    1210         1    1210   1599999
000006 nts.murat.bmup4b0s54r0100.pipenu.001210_00000250.stn   2044.499  2024-03-29 16:49:16 2201656    1210         1    1210   1599998
000007 nts.murat.bmup4b0s54r0100.pipenu.001210_00000300.stn   2024.885  2024-03-29 16:50:16 2180097    1210         1    1210   1600000
000008 nts.murat.bmup4b0s54r0100.pipenu.001210_00000350.stn   2002.435  2024-03-29 16:52:34 2154943    1210         1    1210   1599999
000009 nts.murat.bmup4b0s54r0100.pipenu.001210_00000400.stn   2005.680  2024-03-29 16:51:22 2158824    1210         1    1210   1600000
000010 nts.murat.bmup4b0s54r0100.pipenu.001210_00000950.stn   2041.804  2024-03-29 16:54:34 2197409    1210         1    1210   1599999
000011 nts.murat.bmup4b0s54r0100.pipenu.001210_00000850.stn   2045.635  2024-03-29 18:04:33 2200208    1210         1    1210   1600000
000012 nts.murat.bmup4b0s54r0100.pipenu.001210_00000550.stn   2002.991  2024-03-29 16:50:59 2154922    1210         1    1210   1600000
000013 nts.murat.bmup4b0s54r0100.pipenu.001210_00000600.stn   2029.854  2024-03-29 16:50:32 2185858    1210         1    1210   1599999
000014 nts.murat.bmup4b0s54r0100.pipenu.001210_00000650.stn   2032.047  2024-03-29 17:00:48 2185771    1210         1    1210   1599999
000015 nts.murat.bmup4b0s54r0100.pipenu.001210_00000900.stn   2038.867  2024-03-29 16:52:41 2195159    1210         1    1210   1600000
000016 nts.murat.bmup4b0s54r0100.pipenu.001210_00000750.stn   2043.332  2024-03-29 16:52:24 2196254    1210         1    1210   1599998
000017 nts.murat.bmup4b0s54r0100.pipenu.001210_00000800.stn   2031.474  2024-03-29 17:03:33 2186938    1210         1    1210   1600000
000018 nts.murat.bmup4b0s54r0100.pipenu.001210_00000500.stn   2026.340  2024-03-29 16:51:04 2181765    1210         1    1210   1599999
000019 nts.murat.bmup4b0s54r0100.pipenu.001210_00000450.stn   2023.364  2024-03-29 16:44:08 2178512    1210         2    1210   1599997
000020 nts.murat.bmup4b0s54r0100.pipenu.001210_00000700.stn   2008.876  2024-03-29 16:42:44 2160342    1210         3    1210   1599997
