000001 e50s721z.001002_00000000     39.870  2019-01-24 03:33:07  14512    1002         1    1002     10000
000001 e50s721z.001002_00000005     40.366  2019-01-24 03:29:05  14664    1002         1    1002     10000
000001 e50s721z.001002_00000010     39.956  2019-01-24 02:48:15  14705    1002         1    1002      9997
000001 e50s721z.001002_00000015     40.274  2019-01-24 03:29:05  14792    1002         1    1002     10000
000001 e50s721z.001002_00000020     40.851  2019-01-24 02:50:19  14876    1002         1    1002     10000
000001 e50s721z.001002_00000025     40.441  2019-01-24 02:48:56  14778    1002         1    1002     10000
000001 e50s721z.001002_00000030     40.364  2019-01-24 04:19:11  14730    1002         1    1002     10000
000001 e50s721z.001002_00000185     40.069  2019-01-24 02:44:49  14737    1002         1    1002     10000
000001 e50s721z.001002_00000040     40.423  2019-01-24 04:04:13  14748    1002         1    1002     10000
000001 e50s721z.001002_00000045     40.081  2019-01-24 04:21:14  14679    1002         1    1002     10000
000001 e50s721z.001002_00000050     40.379  2019-01-24 04:49:01  14689    1002         1    1002     10000
000001 e50s721z.001002_00000180     40.063  2019-01-24 03:55:46  14718    1002         1    1002     10000
000001 e50s721z.001002_00000175     40.220  2019-01-24 03:11:25  14740    1002         1    1002     10000
000001 e50s721z.001002_00000065     40.649  2019-01-24 04:51:30  14792    1002         1    1002      9999
000002 e50s721z.001002_00000170     39.995  2019-01-24 02:18:03  14670    1002         1    1002     10000
000002 e50s721z.001002_00000075     40.137  2019-01-24 04:56:32  14621    1002         1    1002      9999
000002 e50s721z.001002_00000080     40.271  2019-01-24 03:35:40  14619    1002         1    1002     10000
000002 e50s721z.001002_00000085     39.766  2019-01-24 02:47:31  14701    1002         1    1002     10000
000002 e50s721z.001002_00000090     40.354  2019-01-24 03:20:50  14692    1002         1    1002     10000
000002 e50s721z.001002_00000095     40.157  2019-01-24 03:21:53  14601    1002         1    1002     10000
000002 e50s721z.001002_00000155     39.971  2019-01-24 02:21:52  14603    1002         1    1002     10000
000002 e50s721z.001002_00000160     40.237  2019-01-24 02:21:26  14703    1002         1    1002     10000
000002 e50s721z.001002_00000110     39.370  2019-01-24 04:40:01  14439    1002         1    1002     10000
000002 e50s721z.001002_00000115     40.118  2019-01-24 04:44:47  14639    1002         1    1002     10000
000002 e50s721z.001002_00000120     40.651  2019-01-24 02:19:34  14893    1002         1    1002     10000
000002 e50s721z.001002_00000125     39.752  2019-01-24 03:02:21  14584    1002         1    1002     10000
000002 e50s721z.001002_00000130     39.805  2019-01-24 03:31:35  14540    1002         1    1002     10000
000002 e50s721z.001002_00000135     40.395  2019-01-24 03:40:00  14664    1002         1    1002     10000
000003 e50s721z.001002_00000140     40.336  2019-01-24 05:23:31  14670    1002         1    1002     10000
000003 e50s721z.001002_00000145     39.730  2019-01-24 02:24:58  14583    1002         1    1002     10000
000003 e50s721z.001002_00000150     40.107  2019-01-24 04:52:18  14701    1002         1    1002     10000
000003 e50s721z.001002_00000195     40.328  2019-01-24 02:38:48  14724    1002         1    1002      9999
000003 e50s721z.001002_00000100     40.477  2019-01-24 04:50:09  14775    1002         2    1002     10000
000003 e50s721z.001002_00000165     40.458  2019-01-24 02:45:33  14709    1002         2    1002     10000
000003 e50s721z.001002_00000070     40.860  2019-01-24 02:24:49  14818    1002         2    1002     10000
000003 e50s721z.001002_00000055     40.627  2019-01-24 04:54:12  14878    1002         2    1002     10000
000003 e50s721z.001002_00000060     40.058  2019-01-24 04:52:29  14613    1002         3    1002     10000
000003 e50s721z.001002_00000035     40.341  2019-01-24 04:56:40  14677    1002         3    1002     10000
000003 e50s721z.001002_00000190     40.242  2019-01-24 02:53:08  14782    1002         3    1002     10000
000003 e50s721z.001002_00000105     40.091  2019-01-24 04:00:39  14763    1002         3    1002     10000
