000001 nts.murat.bmup5b0s54r0100.pipenu.001210_00000000.stn   1630.800  2024-03-29 16:04:01 1762394    1210         1    1210   1600000
000002 nts.murat.bmup5b0s54r0100.pipenu.001210_00000950.stn   1628.248  2024-03-29 16:04:19 1758633    1210         1    1210   1599999
000003 nts.murat.bmup5b0s54r0100.pipenu.001210_00000800.stn   1636.427  2024-03-29 17:11:14 1768303    1210         1    1210   1599999
000004 nts.murat.bmup5b0s54r0100.pipenu.001210_00000150.stn   1601.585  2024-03-29 16:05:31 1730525    1210         1    1210   1600000
000005 nts.murat.bmup5b0s54r0100.pipenu.001210_00000200.stn   1648.626  2024-03-29 16:13:18 1782548    1210         1    1210   1600000
000006 nts.murat.bmup5b0s54r0100.pipenu.001210_00000250.stn   1624.337  2024-03-29 16:13:45 1754175    1210         1    1210   1600000
000007 nts.murat.bmup5b0s54r0100.pipenu.001210_00000300.stn   1642.792  2024-03-29 16:05:47 1773821    1210         1    1210   1599999
000008 nts.murat.bmup5b0s54r0100.pipenu.001210_00000350.stn   1618.148  2024-03-29 16:06:41 1749604    1210         1    1210   1600000
000009 nts.murat.bmup5b0s54r0100.pipenu.001210_00000400.stn   1654.363  2024-03-29 16:05:28 1786480    1210         1    1210   1599999
000010 nts.murat.bmup5b0s54r0100.pipenu.001210_00000450.stn   1635.230  2024-03-29 16:15:03 1765321    1210         1    1210   1600000
000011 nts.murat.bmup5b0s54r0100.pipenu.001210_00000750.stn   1628.447  2024-03-29 16:24:51 1760266    1210         1    1210   1600000
000012 nts.murat.bmup5b0s54r0100.pipenu.001210_00000550.stn   1610.727  2024-03-29 16:11:11 1742566    1210         1    1210   1600000
000013 nts.murat.bmup5b0s54r0100.pipenu.001210_00000600.stn   1620.472  2024-03-29 16:26:05 1750776    1210         1    1210   1599998
000014 nts.murat.bmup5b0s54r0100.pipenu.001210_00000650.stn   1618.233  2024-03-29 16:26:18 1749023    1210         1    1210   1600000
000015 nts.murat.bmup5b0s54r0100.pipenu.001210_00000700.stn   1635.948  2024-03-29 16:26:13 1767567    1210         1    1210   1599998
000016 nts.murat.bmup5b0s54r0100.pipenu.001210_00000500.stn   1619.390  2024-03-29 16:04:35 1748663    1210         1    1210   1599998
000017 nts.murat.bmup5b0s54r0100.pipenu.001210_00000100.stn   1605.657  2024-03-29 16:04:53 1736862    1210         2    1210   1599998
000018 nts.murat.bmup5b0s54r0100.pipenu.001210_00000850.stn   1636.133  2024-03-29 16:16:44 1767313    1210         2    1210   1600000
000019 nts.murat.bmup5b0s54r0100.pipenu.001210_00000900.stn   1627.743  2024-03-29 16:38:13 1758462    1210         2    1210   1600000
000020 nts.murat.bmup5b0s54r0100.pipenu.001210_00000050.stn   1624.790  2024-03-29 16:04:58 1756516    1210         2    1210   1600000
