000001 nts.mu2e.cry33s51b0.su2020.001002_00000000.stn   1574.662  2021-03-23 14:34:34 178915    1002         1    1002    499998
000001 nts.mu2e.cry33s51b0.su2020.001002_00045795.stn   1563.164  2021-03-23 14:52:41 178576    1002         1    1002    499998
000002 nts.mu2e.cry33s51b0.su2020.001002_00015242.stn   1572.450  2021-03-23 14:40:43 178344    1002         1    1002    499996
000002 nts.mu2e.cry33s51b0.su2020.001002_00068725.stn   1578.567  2021-03-23 15:02:44 178850    1002         1    1002    500000
000003 nts.mu2e.cry33s51b0.su2020.001002_00007621.stn   1580.186  2021-03-23 14:37:35 178474    1002         2    1002    499994
000003 nts.mu2e.cry33s51b0.su2020.001002_00053432.stn   1565.473  2021-03-23 14:55:55 178741    1002         2    1002    499995
000004 nts.mu2e.cry33s51b0.su2020.001002_00030532.stn   1574.113  2021-03-23 14:46:40 178137    1002         3    1002    499999
000004 nts.mu2e.cry33s51b0.su2020.001002_00022873.stn   1572.383  2021-03-23 14:43:41 179028    1002         3    1002    499997
000005 nts.mu2e.cry33s51b0.su2020.001002_00061087.stn   1571.214  2021-03-23 14:59:15 178621    1002         3    1002    499997
000005 nts.mu2e.cry33s51b0.su2020.001002_00076362.stn    758.226  2021-03-23 15:04:12  85500    1002         3    1002    499994
000006 nts.mu2e.cry33s51b0.su2020.001002_00038166.stn   1568.819  2021-03-23 14:49:37 178350    1002         5    1002    499993
