000001 nts.mu2e.bmup4b0s66r0100.pipenu.001210_00001000.stn     37.206  2024-04-28 10:40:33  27118    1210        17    1210   1999931
000001 nts.mu2e.bmup4b0s66r0100.pipenu.001210_00003000.stn     36.825  2024-04-28 15:13:48  26879    1210        25    1210   1999991
000001 nts.mu2e.bmup4b0s66r0100.pipenu.001210_00009000.stn     36.461  2024-04-28 15:41:49  26644    1210        31    1210   1999964
000001 nts.mu2e.bmup4b0s66r0100.pipenu.001210_00002000.stn     37.146  2024-04-28 14:43:18  27078    1210        45    1210   1999997
000001 nts.mu2e.bmup4b0s66r0100.pipenu.001210_00004000.stn     36.532  2024-04-28 15:39:33  26707    1210        66    1210   1999981
000001 nts.mu2e.bmup4b0s66r0100.pipenu.001210_00006000.stn     37.229  2024-04-28 14:40:15  27218    1210        79    1210   1999981
000001 nts.mu2e.bmup4b0s66r0100.pipenu.001210_00005000.stn     37.025  2024-04-28 16:03:58  26960    1210        88    1210   1999982
000001 nts.mu2e.bmup4b0s66r0100.pipenu.001210_00008000.stn     36.975  2024-04-28 15:20:46  27020    1210       104    1210   1999916
000001 nts.mu2e.bmup4b0s66r0100.pipenu.001210_00007000.stn     36.483  2024-04-28 15:00:27  26662    1210       121    1210   1999921
000001 nts.mu2e.bmup4b0s66r0100.pipenu.001210_00000000.stn     37.305  2024-04-27 21:53:31  27198    1210       255    1210   1999826
