000001 e30s6000.0000010001     14.784  2016-10-12 13:55:34  14334 1000000 100000000 14046110     25000
000001 e30s6000.0000010002     15.099  2016-10-12 14:25:06  14558 1000000 100000000 14046110     25000
000001 e30s6000.0000010003     14.700  2016-10-12 13:54:46  14188 1000000 100000000 14046110     25000
000001 e30s6000.0000010004     14.982  2016-10-12 14:30:28  14391 1000000 100000000 14046110     24999
000001 e30s6000.0000010005     14.957  2016-10-12 14:17:21  14389 1000000 100000000 14046110     25000
000001 e30s6000.0000010006     14.760  2016-10-12 14:24:53  14334 1000000 100000000 14046110     24999
000001 e30s6000.0000010007     15.052  2016-10-12 14:21:51  14515 1000000 100000000 14046110     25000
000001 e30s6000.0000010008     14.929  2016-10-12 13:58:57  14470 1000000 100000000 14046110     25000
000001 e30s6000.0000010009     14.865  2016-10-12 14:06:47  14388 1000000 100000000 14046110     25000
000001 e30s6000.0000010010     15.000  2016-10-12 14:24:52  14356 1000000 100000000 14046110     24999
000001 e30s6000.0000010011     15.147  2016-10-12 14:01:19  14458 1000000 100000000 14046110     25000
000001 e30s6000.0000010012     15.130  2016-10-12 14:04:08  14439 1000000 100000000 14046110     25000
000001 e30s6000.0000010013     14.890  2016-10-12 14:22:54  14368 1000000 100000000 14046110     25000
000001 e30s6000.0000010014     14.816  2016-10-12 14:23:22  14358 1000000 100000000 14046110     25000
000002 e30s6000.0000010015     14.734  2016-10-12 13:16:20  14259 1000000 100000000 14046110     24999
000002 e30s6000.0000010016     14.933  2016-10-12 14:38:19  14399 1000000 100000000 14046110     25000
000002 e30s6000.0000010017     14.839  2016-10-12 14:34:40  14315 1000000 100000000 14046110     24999
000002 e30s6000.0000010018     14.762  2016-10-12 14:22:42  14407 1000000 100000000 14046110     25000
000002 e30s6000.0000010019     14.949  2016-10-12 14:41:39  14430 1000000 100000000 14046110     24999
000002 e30s6000.0000010020     14.979  2016-10-12 14:06:01  14500 1000000 100000000 14046110     25000
000002 e30s6000.0000010021     14.975  2016-10-12 14:00:02  14366 1000000 100000000 14046110     25000
000002 e30s6000.0000010022     15.072  2016-10-12 14:44:00  14521 1000000 100000000 14046110     24998
000002 e30s6000.0000010023     14.959  2016-10-12 14:24:10  14480 1000000 100000000 14046110     24998
000002 e30s6000.0000010024     14.871  2016-10-12 14:24:17  14406 1000000 100000000 14046110     25000
000002 e30s6000.0000010025     14.836  2016-10-12 14:22:37  14400 1000000 100000000 14046110     24999
000002 e30s6000.0000010026     15.055  2016-10-12 14:33:49  14362 1000000 100000000 14046110     25000
000002 e30s6000.0000010028     14.932  2016-10-12 14:29:30  14326 1000000 100000000 14046110     24999
000002 e30s6000.0000010030     14.893  2016-10-12 13:55:47  14227 1000000 100000000 14046110     25000
000003 e30s6000.0000010031     14.995  2016-10-12 14:02:05  14460 1000000 100000000 14046110     25000
000003 e30s6000.0000010032     14.897  2016-10-12 14:47:18  14381 1000000 100000000 14046110     25000
000003 e30s6000.0000010033     14.885  2016-10-12 14:09:44  14319 1000000 100000000 14046110     24997
000003 e30s6000.0000010034     14.960  2016-10-12 13:55:02  14357 1000000 100000000 14046110     25000
000003 e30s6000.0000010035     15.073  2016-10-12 14:40:13  14466 1000000 100000000 14046110     25000
000003 e30s6000.0000010036     14.881  2016-10-12 14:29:33  14362 1000000 100000000 14046110     24997
000003 e30s6000.0000010037     14.750  2016-10-12 14:17:07  14262 1000000 100000000 14046110     24999
000003 e30s6000.0000010038     14.939  2016-10-12 13:16:01  14324 1000000 100000000 14046110     24999
