000001 m00s7400.000001_00000000    103.175  2019-06-23 20:05:12  12124       1         1       1     20000
000001 m00s7400.000001_00000001    103.364  2019-06-23 20:53:25  12122       1         1       1     20000
000001 m00s7400.000001_00000002    103.610  2019-06-23 21:00:00  12169       1         1       1     19997
000001 m00s7400.000001_00000043    104.128  2019-06-23 21:33:14  12206       1         1       1     20000
000001 m00s7400.000001_00000048    105.146  2019-06-23 20:44:14  12317       1         1       1     20000
000001 m00s7400.000001_00000005    104.757  2019-06-23 20:05:25  12274       1         1       1     20000
000001 m00s7400.000001_00000006    104.068  2019-06-23 19:54:23  12169       1         1       1     19996
000001 m00s7400.000001_00000007    105.099  2019-06-23 19:59:50  12349       1         1       1     19998
000001 m00s7400.000001_00000047    103.307  2019-06-23 21:34:45  12144       1         1       1     19999
000001 m00s7400.000001_00000041    103.985  2019-06-23 20:46:05  12194       1         1       1     20000
000001 m00s7400.000001_00000010    105.055  2019-06-23 20:04:35  12272       1         1       1     19999
000001 m00s7400.000001_00000011    103.884  2019-06-23 19:41:03  12174       1         1       1     20000
000001 m00s7400.000001_00000012    103.938  2019-06-23 20:41:04  12145       1         1       1     20000
000001 m00s7400.000001_00000040    104.795  2019-06-23 21:30:16  12332       1         1       1     20000
000001 m00s7400.000001_00000038    104.221  2019-06-23 19:53:14  12280       1         1       1     20000
000001 m00s7400.000001_00000015    103.942  2019-06-23 20:21:59  12168       1         1       1     19998
000001 m00s7400.000001_00000036    104.750  2019-06-23 21:35:53  12250       1         1       1     19999
000002 m00s7400.000001_00000017    104.657  2019-06-23 20:27:02  12289       1         1       1     20000
000002 m00s7400.000001_00000018    103.609  2019-06-23 21:00:15  12186       1         1       1     19999
000002 m00s7400.000001_00000019    104.091  2019-06-23 20:00:07  12230       1         1       1     20000
000002 m00s7400.000001_00000035    103.586  2019-06-23 20:37:40  12188       1         1       1     19999
000002 m00s7400.000001_00000021    103.449  2019-06-23 21:29:41  12176       1         1       1     19999
000002 m00s7400.000001_00000022    104.421  2019-06-23 21:08:36  12302       1         1       1     20000
000002 m00s7400.000001_00000034    104.735  2019-06-23 21:49:00  12293       1         1       1     20000
000002 m00s7400.000001_00000032    104.109  2019-06-23 21:34:42  12233       1         1       1     19999
000002 m00s7400.000001_00000030    104.403  2019-06-23 21:35:09  12359       1         1       1     20000
000002 m00s7400.000001_00000026    103.008  2019-06-23 20:29:16  12102       1         1       1     20000
000002 m00s7400.000001_00000027    103.941  2019-06-23 21:32:23  12232       1         1       1     20000
000002 m00s7400.000001_00000029    104.046  2019-06-23 20:06:22  12233       1         1       1     20000
000002 m00s7400.000001_00000023    103.704  2019-06-23 19:54:35  12168       1         2       1     19999
000002 m00s7400.000001_00000046    104.586  2019-06-23 20:52:17  12263       1         2       1     19999
000002 m00s7400.000001_00000031    103.352  2019-06-23 20:44:17  12128       1         2       1     20000
000002 m00s7400.000001_00000024    103.564  2019-06-23 21:41:43  12181       1         2       1     19999
000002 m00s7400.000001_00000033    103.895  2019-06-23 21:22:48  12162       1         2       1     20000
000003 m00s7400.000001_00000028    103.713  2019-06-23 19:38:40  12201       1         2       1     20000
000003 m00s7400.000001_00000020    104.114  2019-06-23 21:35:38  12228       1         2       1     19999
000003 m00s7400.000001_00000016    103.049  2019-06-23 20:31:45  12162       1         2       1     19999
000003 m00s7400.000001_00000037    104.917  2019-06-23 21:37:42  12258       1         2       1     20000
000003 m00s7400.000001_00000014    103.822  2019-06-23 19:36:23  12172       1         2       1     20000
000003 m00s7400.000001_00000039    103.416  2019-06-23 21:28:17  12165       1         2       1     20000
000003 m00s7400.000001_00000013    104.745  2019-06-23 19:46:00  12303       1         2       1     19999
000003 m00s7400.000001_00000009    103.725  2019-06-23 19:29:31  12178       1         2       1     19999
000003 m00s7400.000001_00000008    105.336  2019-06-23 20:41:51  12323       1         2       1     20000
000003 m00s7400.000001_00000003    105.206  2019-06-23 19:53:29  12305       1         2       1     20000
000003 m00s7400.000001_00000044    103.723  2019-06-23 21:30:03  12201       1         2       1     20000
000003 m00s7400.000001_00000045    103.548  2019-06-23 21:35:55  12148       1         2       1     20000
000003 m00s7400.000001_00000025    105.727  2019-06-23 20:51:50  12387       1         2       1     20000
000003 m00s7400.000001_00000042    104.200  2019-06-23 19:44:40  12222       1         3       1     19999
000003 m00s7400.000001_00000004    104.807  2019-06-23 21:42:54  12274       1         3       1     20000
000003 m00s7400.000001_00000049    104.785  2019-06-23 20:38:04  12277       1         3       1     19999
