000001 e10s721z.001002_00000000     77.560  2019-01-27 06:07:08  28382    1002         1    1002     10000
000001 e10s721z.001002_00000010     77.171  2019-01-27 02:57:26  28279    1002         1    1002     10000
000001 e10s721z.001002_00000190     76.477  2019-01-27 02:59:14  28166    1002         1    1002     10000
000001 e10s721z.001002_00000030     75.988  2019-01-27 03:06:17  28012    1002         1    1002     10000
000001 e10s721z.001002_00000040     76.781  2019-01-27 06:18:48  28099    1002         1    1002     10000
000001 e10s721z.001002_00000050     77.152  2019-01-27 06:05:35  28266    1002         1    1002     10000
000001 e10s721z.001002_00000060     77.255  2019-01-27 05:12:39  28348    1002         1    1002     10000
000001 e10s721z.001002_00000070     76.296  2019-01-27 03:14:34  28004    1002         1    1002     10000
000002 e10s721z.001002_00000080     76.530  2019-01-27 03:06:12  28055    1002         1    1002     10000
000002 e10s721z.001002_00000090     76.643  2019-01-27 02:52:40  28184    1002         1    1002     10000
000002 e10s721z.001002_00000180     77.261  2019-01-27 03:09:41  28199    1002         1    1002     10000
000002 e10s721z.001002_00000110     77.003  2019-01-27 06:19:59  28271    1002         1    1002     10000
000002 e10s721z.001002_00000120     76.626  2019-01-27 02:41:07  28065    1002         1    1002     10000
000002 e10s721z.001002_00000130     76.932  2019-01-27 06:05:21  28177    1002         1    1002     10000
000002 e10s721z.001002_00000140     76.648  2019-01-27 06:07:45  28080    1002         1    1002      9998
000002 e10s721z.001002_00000150     77.349  2019-01-27 06:25:14  28406    1002         1    1002     10000
000003 e10s721z.001002_00000160     76.232  2019-01-27 05:48:09  27987    1002         1    1002     10000
000003 e10s721z.001002_00000170     76.373  2019-01-27 02:58:30  28016    1002         1    1002     10000
000003 e10s721z.001002_00000100     76.515  2019-01-27 05:08:17  28128    1002         1    1002     10000
000003 e10s721z.001002_00000020     77.618  2019-01-27 06:08:58  28357    1002         2    1002     10000
