000001 bmup4s51b7.64073401.stn   1453.587  2023-08-29 13:51:02 413241    1000         1    1000    873198
000002 bmup4s51b7.71761122.stn   1453.918  2023-08-31 14:22:00 413745    1000         1    1000    873199
000003 bmup4s51b7.3786504.stn   1448.783  2023-08-31 14:12:21 411809    1000         1    1000    873194
000004 bmup4s51b7.71763575.stn   1441.708  2023-08-29 14:35:27 410312    1000         1    1000    873194
000005 bmup4s51b7.4551060.stn   1448.082  2023-09-20 13:45:47 412641    1000         1    1000    873200
000006 bmup4s51b7.4972599.stn   2912.086  2023-09-28 12:15:32 828919    1000         1    1000   1746400
000007 bmup4s51b7.4625513.stn   2908.144  2023-09-21 12:35:45 827268    1000         1    1000   1746398
000008 bmup4s51b7.64743149.stn   2897.406  2023-09-21 13:25:18 824350    1000         1    1000   1746400
000009 bmup4s51b7.4808312.stn   2907.897  2023-09-22 15:26:34 828347    1000         2    1000   1746398
000010 bmup4s51b7.4687312.stn   2901.894  2023-09-21 16:09:52 824649    1000         2    1000   1746397
000011 bmup4s51b7.4558198.stn   2903.990  2023-09-20 13:35:38 825858    1000         2    1000   1746399
000012 bmup4s51b7.3782274.stn   1444.417  2023-08-29 14:17:59 410884    1000         2    1000    873193
000013 bmup4s51b7.64775119.stn   2895.125  2023-09-22 12:28:06 824303    1000         2    1000   1746397
000014 bmup4s51b7.64074838.stn   1442.100  2023-08-29 14:47:00 409814    1000         2    1000    873196
000015 bmup4s51b7.64176614.stn   1444.585  2023-08-29 15:20:40 410844    1000         2    1000    873198
000016 bmup4s51b7.64178718.stn   1452.685  2023-08-31 14:33:48 412820    1000         2    1000    873200
000017 bmup4s51b7.64677274.stn   1461.921  2023-09-20 14:41:35 415852    1000         2    1000   1746398
000018 bmup4s51b7.4886104.stn   2890.799  2023-09-28 12:07:17 822471    1000         2    1000   1746384
000019 bmup4s51b7.72613188.stn   2896.213  2023-09-21 16:35:39 823434    1000         2    1000   1746400
000020 bmup4s51b7.4983075.stn   2904.161  2023-09-28 12:51:38 826386    1000         3    1000   1746400
000021 bmup4s51b7.3815508.stn   1449.794  2023-08-31 14:46:57 412231    1000         4    1000    873199
000022 bmup4s51b7.72581081.stn   2896.436  2023-09-21 14:24:17 823383    1000         4    1000   1746397
000023 bmup4s51b7.72513157.stn   1441.884  2023-09-20 13:58:06 410296    1000         5    1000    873198
000024 bmup4s51b7.3643349.stn   1444.496  2023-08-29 14:06:24 411340    1000         5    1000    873199
000025 bmup4s51b7.72611802.stn   2914.419  2023-09-21 15:43:03 828504    1000         7    1000   1746400
