000001 nts.xshi304.pmnt1_1E9.su2020.001000_00000632.stn    915.929  2022-01-02 16:33:32 1312759    1000         1    1000   1000000
000002 nts.xshi304.pmnt1_1E9.su2020.001000_00000449.stn   1539.138  2022-01-02 16:28:27 2205818    1000         1    1000    999999
000003 nts.xshi304.pmnt1_1E9.su2020.001000_00000017.stn   1465.443  2022-01-02 15:26:40 2100215    1000         1    1000   1000000
000004 nts.xshi304.pmnt1_1E9.su2020.001000_00000026.stn   1466.932  2022-01-02 15:29:43 2102746    1000         1    1000   1000000
000005 nts.xshi304.pmnt1_1E9.su2020.001000_00000036.stn   1464.704  2022-01-02 15:32:48 2100306    1000         1    1000   1000000
000006 nts.xshi304.pmnt1_1E9.su2020.001000_00000048.stn   1465.819  2022-01-02 15:35:49 2100246    1000         1    1000   1000000
000007 nts.xshi304.pmnt1_1E9.su2020.001000_00000058.stn   1464.363  2022-01-02 15:38:52 2100685    1000         1    1000   1000000
000008 nts.xshi304.pmnt1_1E9.su2020.001000_00000073.stn   1464.156  2022-01-02 15:41:54 2098450    1000         1    1000   1000000
000009 nts.xshi304.pmnt1_1E9.su2020.001000_00000088.stn   1465.068  2022-01-02 15:44:58 2099771    1000         1    1000   1000000
000010 nts.xshi304.pmnt1_1E9.su2020.001000_00000097.stn   1466.000  2022-01-02 15:48:01 2100606    1000         1    1000   1000000
000011 nts.xshi304.pmnt1_1E9.su2020.001000_00000421.stn   1467.145  2022-01-02 16:25:07 2101954    1000         1    1000   1000000
000012 nts.xshi304.pmnt1_1E9.su2020.001000_00000129.stn   1465.612  2022-01-02 15:54:12 2101089    1000         1    1000   1000000
000013 nts.xshi304.pmnt1_1E9.su2020.001000_00000389.stn   1467.647  2022-01-02 16:21:59 2103075    1000         1    1000   1000000
000014 nts.xshi304.pmnt1_1E9.su2020.001000_00000180.stn   1465.457  2022-01-02 16:00:29 2100921    1000         1    1000   1000000
000015 nts.xshi304.pmnt1_1E9.su2020.001000_00000210.stn   1466.291  2022-01-02 16:03:32 2101420    1000         1    1000    999998
000016 nts.xshi304.pmnt1_1E9.su2020.001000_00000231.stn   1463.693  2022-01-02 16:06:35 2099279    1000         1    1000   1000000
000017 nts.xshi304.pmnt1_1E9.su2020.001000_00000260.stn   1463.550  2022-01-02 16:09:39 2098055    1000         1    1000   1000000
000018 nts.xshi304.pmnt1_1E9.su2020.001000_00000284.stn   1463.468  2022-01-02 16:12:44 2099297    1000         1    1000    999999
000019 nts.xshi304.pmnt1_1E9.su2020.001000_00000332.stn   1464.825  2022-01-02 16:15:50 2099930    1000         1    1000   1000000
000020 nts.xshi304.pmnt1_1E9.su2020.001000_00000369.stn   1464.629  2022-01-02 16:18:55 2100775    1000         1    1000   1000000
000021 nts.xshi304.pmnt1_1E9.su2020.001000_00000140.stn   1465.070  2022-01-02 15:57:23 2101608    1000         2    1000    999999
000022 nts.xshi304.pmnt1_1E9.su2020.001000_00000111.stn   1464.822  2022-01-02 15:51:04 2101254    1000         2    1000    999998
000023 nts.xshi304.pmnt1_1E9.su2020.001000_00000000.stn   1466.741  2022-01-02 15:20:33 2102275    1000         2    1000   1000000
000024 nts.xshi304.pmnt1_1E9.su2020.001000_00000532.stn   1463.302  2022-01-02 16:31:36 2100132    1000         2    1000   1000000
000025 nts.xshi304.pmnt1_1E9.su2020.001000_00000009.stn   1465.406  2022-01-02 15:23:37 2101762    1000         4    1000   1000000
