000001 rmce4s51b0_00002.stn      2.804  2020-08-06 21:30:59   2236    1000        10    1000     99902
000001 rmce4s51b0_00005.stn      2.887  2020-08-06 21:22:14   2294    1000        16    1000     99990
000001 rmce4s51b0_00007.stn      2.752  2020-08-06 21:26:53   2281    1000        26    1000     99934
000001 rmce4s51b0_00001.stn      3.018  2020-08-06 21:36:14   2383    1000        33    1000     99972
000001 rmce4s51b0_00004.stn      2.954  2020-08-06 21:28:08   2329    1000        35    1000     99890
000001 rmce4s51b0_00008.stn      2.862  2020-08-06 21:25:48   2332    1000        37    1000     99968
000001 rmce4s51b0_00003.stn      2.875  2020-08-06 21:23:20   2302    1000        47    1000     99992
000001 rmce4s51b0_00000.stn      2.833  2020-08-06 21:29:09   2250    1000        96    1000     99949
000001 rmce4s51b0_00006.stn      2.772  2020-08-06 22:12:41   2273    1000       175    1000     99825
000001 rmce4s51b0_00009.stn      1.679  2020-08-06 21:08:07   1354    1000       339    1000     99949
