000001 nts.mu2e.mupl2s57b0.su2020.001000_00000000.stn   4112.564  2022-01-24 08:01:56 1940019    1000         1    1000    100000
000002 nts.mu2e.mupl2s57b0.su2020.001000_00000122.stn   4119.428  2022-01-24 08:09:22 1942880    1000         1    1000    100000
000003 nts.mu2e.mupl2s57b0.su2020.001000_00000244.stn   4115.317  2022-01-24 08:16:51 1940823    1000         1    1000    100000
000004 nts.mu2e.mupl2s57b0.su2020.001000_00000366.stn   4119.063  2022-01-24 08:24:11 1941928    1000         1    1000    100000
000005 nts.mu2e.mupl2s57b0.su2020.001000_00000488.stn   4113.566  2022-01-24 08:31:38 1939367    1000         1    1000    100000
000006 nts.mu2e.mupl2s57b0.su2020.001000_00000855.stn   4112.914  2022-01-24 08:53:50 1941303    1000         1    1000    100000
000007 nts.mu2e.mupl2s57b0.su2020.001000_00000611.stn   4112.760  2022-01-24 08:39:02 1940738    1000         1    1000    100000
000008 nts.mu2e.mupl2s57b0.su2020.001000_00000733.stn   4111.229  2022-01-24 08:46:24 1941623    1000         1    1000    100000
000009 nts.mu2e.mupl2s57b0.su2020.001000_00000977.stn    774.821  2022-01-24 08:55:18 366579    1000         1    1000    100000
000010 nts.mu2e.mupl2s57b0.su2020.001000_00000590.stn     33.734  2022-02-02 15:42:12  15770    1000        10    1000     99999
