000001 bmup4s51b4.61007728.stn     86.034  2023-04-22 18:28:31  25905    1000        10    1000    873132
000001 bmup4s51b4.67736746.stn     84.706  2023-04-22 18:33:57  25538    1000        32    1000    873165
000001 bmup4s51b4.67734433.stn     85.774  2023-04-22 18:28:32  25853    1000        40    1000    873190
000001 bmup4s51b4.61006300.stn     85.266  2023-04-22 18:23:53  25584    1000        44    1000    873150
000001 bmup4s51b4.67683405.stn     85.468  2023-04-22 18:18:57  25749    1000        81    1000    873191
000001 bmup4s51b4.67683954.stn     84.285  2023-04-22 18:23:00  25384    1000        91    1000    873174
000001 bmup4s51b4.60980427.stn     85.270  2023-04-22 18:23:23  25509    1000        99    1000    873163
000001 bmup4s51b4.67738275.stn     85.748  2023-04-22 18:34:04  25667    1000       103    1000    873116
000002 bmup4s51b4.61007809.stn     85.876  2023-04-22 18:28:57  25698    1000       114    1000    873127
000002 bmup4s51b4.67683386.stn     86.297  2023-04-22 18:18:15  25937    1000       114    1000    873172
