000001 b01s7400.001002_00000000     88.400  2019-11-10 07:13:45  10000    1002         1    1002       500
000001 b01s7400.001002_00000020     88.511  2019-11-10 07:30:14  10000    1002         1    1002       500
000001 b01s7400.001002_00000040     88.707  2019-11-10 07:38:45  10000    1002         1    1002       500
000001 b01s7400.001002_00000060     88.091  2019-11-10 07:08:38  10000    1002         1    1002       500
000001 b01s7400.001002_00000080     88.106  2019-11-10 07:01:29  10000    1002         1    1002       500
000001 b01s7400.001002_00000100     88.102  2019-11-10 07:07:09  10000    1002         1    1002       500
000001 b01s7400.001002_00000120     87.918  2019-11-10 07:43:43  10000    1002         1    1002       500
000001 b01s7400.001002_00000140     89.056  2019-11-10 07:00:15  10000    1002         1    1002       500
000001 b01s7400.001002_00000160     88.335  2019-11-10 07:39:02  10000    1002         1    1002       500
000001 b01s7400.001002_00000180     88.298  2019-11-10 07:29:43  10000    1002         1    1002       500
000001 b01s7400.001002_00000201     88.745  2019-11-10 07:03:47  10000    1002         1    1002       500
000001 b01s7400.001002_00000221     87.850  2019-11-10 07:22:22  10000    1002         1    1002       500
000001 b01s7400.001002_00000242     88.790  2019-11-10 07:42:32  10000    1002         1    1002       500
000001 b01s7400.001002_00000262     88.261  2019-11-10 07:03:25  10000    1002         1    1002       500
000001 b01s7400.001002_00000282     88.846  2019-11-10 07:15:07  10000    1002         1    1002       500
000001 b01s7400.001002_00000302     87.778  2019-11-10 06:47:55  10000    1002         1    1002       500
000001 b01s7400.001002_00000322     88.001  2019-11-10 09:02:01  10000    1002         1    1002       500
000001 b01s7400.001002_00000342     88.641  2019-11-10 07:07:49  10000    1002         1    1002       500
000001 b01s7400.001002_00000363     88.766  2019-11-10 06:54:14  10000    1002         1    1002       500
000001 b01s7400.001002_00000383     88.121  2019-11-10 06:32:04  10000    1002         1    1002       500
000001 b01s7400.001002_00000403     87.735  2019-11-10 06:55:21  10000    1002         1    1002       500
000002 b01s7400.001002_00000423     88.505  2019-11-10 06:49:56  10000    1002         1    1002       500
000002 b01s7400.001002_00000443     88.578  2019-11-10 06:49:11  10000    1002         1    1002       500
000002 b01s7400.001002_00000463     88.125  2019-11-10 06:38:33  10000    1002         1    1002       500
000002 b01s7400.001002_00000484     88.124  2019-11-10 08:43:47  10000    1002         1    1002       500
000002 b01s7400.001002_00000504     88.339  2019-11-10 08:51:50  10000    1002         1    1002       500
000002 b01s7400.001002_00000524     89.058  2019-11-10 06:51:21  10000    1002         1    1002       500
000002 b01s7400.001002_00000544     88.467  2019-11-10 06:23:49  10000    1002         1    1002       500
000002 b01s7400.001002_00000564     88.715  2019-11-10 06:34:59  10000    1002         1    1002       500
000002 b01s7400.001002_00000584     88.257  2019-11-10 07:01:50  10000    1002         1    1002       500
000002 b01s7400.001002_00000604     88.173  2019-11-10 06:37:20  10000    1002         1    1002       500
000002 b01s7400.001002_00000624     88.545  2019-11-10 07:07:50  10000    1002         1    1002       500
000002 b01s7400.001002_00000644     88.443  2019-11-10 06:42:52  10000    1002         1    1002       500
000002 b01s7400.001002_00000664     88.760  2019-11-10 06:49:11  10000    1002         1    1002       500
000002 b01s7400.001002_00000684     88.668  2019-11-10 07:08:50  10000    1002         1    1002       500
000002 b01s7400.001002_00000704     88.453  2019-11-10 08:50:52  10000    1002         1    1002       500
000002 b01s7400.001002_00000724     88.510  2019-11-10 06:24:46  10000    1002         1    1002       500
000002 b01s7400.001002_00000744     88.462  2019-11-10 06:34:28  10000    1002         1    1002       500
000002 b01s7400.001002_00000764     88.518  2019-11-10 06:53:29  10000    1002         1    1002       500
000002 b01s7400.001002_00000784     87.826  2019-11-10 06:29:58  10000    1002         1    1002       500
000002 b01s7400.001002_00000804     87.778  2019-11-10 06:44:15  10000    1002         1    1002       500
000002 b01s7400.001002_00000824     88.396  2019-11-10 06:50:16  10000    1002         1    1002       500
000003 b01s7400.001002_00000844     89.053  2019-11-10 06:40:31  10000    1002         1    1002       500
000003 b01s7400.001002_00000864     88.729  2019-11-10 06:56:52  10000    1002         1    1002       500
000003 b01s7400.001002_00000884     88.165  2019-11-10 08:50:41  10000    1002         1    1002       500
000003 b01s7400.001002_00000904     88.184  2019-11-10 06:35:02  10000    1002         1    1002       500
000003 b01s7400.001002_00000924     88.241  2019-11-10 06:55:00  10000    1002         1    1002       500
000003 b01s7400.001002_00000944     88.441  2019-11-10 08:51:50  10000    1002         1    1002       500
000003 b01s7400.001002_00000964     88.061  2019-11-10 07:07:12  10000    1002         1    1002       500
000003 b01s7400.001002_00000984     71.023  2019-11-10 06:09:50   8000    1002         1    1002       500
