000001 e30s5720.0000010000     11.774  2016-04-02 18:45:09  14690 1000000 100000000 8673676     25000
000001 e30s5720.0000010001     11.737  2016-04-02 19:19:11  14653 1000000 100000000 8673676     25000
000001 e30s5720.0000010002     11.795  2016-04-02 19:49:41  14717 1000000 100000000 8673676     24999
000001 e30s5720.0000010003     11.477  2016-04-02 19:14:12  14549 1000000 100000000 8673676     25000
000001 e30s5720.0000010004     11.645  2016-04-02 20:12:00  14669 1000000 100000000 8673676     25000
000001 e30s5720.0000010005     11.680  2016-04-02 20:27:17  14627 1000000 100000000 8673676     25000
000001 e30s5720.0000010006     11.531  2016-04-02 19:31:05  14539 1000000 100000000 8673676     24995
000001 e30s5720.0000010007     11.815  2016-04-02 19:32:00  14784 1000000 100000000 8673676     24999
000001 e30s5720.0000010008     11.873  2016-04-02 19:32:33  14854 1000000 100000000 8673676     25000
000001 e30s5720.0000010009     11.509  2016-04-02 20:28:12  14398 1000000 100000000 8673676     25000
000001 e30s5720.0000010010     11.677  2016-04-02 20:12:20  14658 1000000 100000000 8673676     25000
000001 e30s5720.0000010011     11.730  2016-04-02 20:30:32  14677 1000000 100000000 8673676     25000
000001 e30s5720.0000010012     11.749  2016-04-02 20:03:43  14662 1000000 100000000 8673676     25000
000001 e30s5720.0000010013     11.794  2016-04-02 19:58:18  14714 1000000 100000000 8673676     25000
000002 e30s5720.0000010014     11.770  2016-04-02 20:08:52  14735 1000000 100000000 8673676     25000
000002 e30s5720.0000010015     11.705  2016-04-02 20:02:07  14711 1000000 100000000 8673676     25000
000002 e30s5720.0000010016     11.807  2016-04-02 19:37:30  14746 1000000 100000000 8673676     24995
000002 e30s5720.0000010017     11.751  2016-04-02 19:43:05  14686 1000000 100000000 8673676     25000
000002 e30s5720.0000010018     11.773  2016-04-02 18:50:50  14651 1000000 100000000 8673676     25000
000002 e30s5720.0000010019     11.667  2016-04-02 18:49:20  14639 1000000 100000000 8673676     25000
000002 e30s5720.0000010020     11.666  2016-04-02 20:22:55  14644 1000000 100000000 8673676     25000
000002 e30s5720.0000010021     11.785  2016-04-02 19:31:54  14764 1000000 100000000 8673676     24998
000002 e30s5720.0000010022     11.849  2016-04-02 19:39:15  14660 1000000 100000000 8673676     24998
000002 e30s5720.0000010023     11.791  2016-04-02 19:28:34  14785 1000000 100000000 8673676     25000
000002 e30s5720.0000010024     11.766  2016-04-02 19:34:53  14675 1000000 100000000 8673676     25000
000002 e30s5720.0000010025     11.824  2016-04-02 20:37:47  14763 1000000 100000000 8673676     25000
000002 e30s5720.0000010026     11.589  2016-04-02 19:25:59  14626 1000000 100000000 8673676     25000
000002 e30s5720.0000010027     11.563  2016-04-02 20:20:02  14628 1000000 100000000 8673676     25000
000003 e30s5720.0000010028     11.766  2016-04-02 20:26:50  14738 1000000 100000000 8673676     24998
000003 e30s5720.0000010029     11.644  2016-04-02 19:53:25  14642 1000000 100000000 8673676     24997
000003 e30s5720.0000010030     11.878  2016-04-02 20:19:19  14835 1000000 100000000 8673676     24998
000003 e30s5720.0000010031     11.664  2016-04-02 20:11:12  14623 1000000 100000000 8673676     25000
000003 e30s5720.0000010032     11.684  2016-04-02 20:27:37  14736 1000000 100000000 8673676     25000
000003 e30s5720.0000010033     11.791  2016-04-02 20:24:34  14691 1000000 100000000 8673676     25000
000003 e30s5720.0000010034     11.619  2016-04-02 20:10:49  14603 1000000 100000000 8673676     24998
000003 e30s5720.0000010035     11.875  2016-04-02 19:57:01  14739 1000000 100000000 8673676     24999
000003 e30s5720.0000010036     11.750  2016-04-02 19:56:45  14732 1000000 100000000 8673676     25000
000003 e30s5720.0000010037     11.679  2016-04-02 19:55:32  14591 1000000 100000000 8673676     24999
000003 e30s5720.0000010038     11.673  2016-04-02 19:57:39  14639 1000000 100000000 8673676     25000
000003 e30s5720.0000010039     11.670  2016-04-02 19:52:34  14713 1000000 100000000 8673676     24998
