000001 r10s721z.001002_00000300     42.785  2019-01-22 03:40:47  13767    1002         1    1002     59993
000001 r10s721z.001002_00000350     43.534  2019-01-22 04:05:40  14021    1002         1    1002     59996
000001 r10s721z.001002_00000150     43.443  2019-01-22 04:03:31  13953    1002         1    1002     59996
000001 r10s721z.001002_00000050     42.586  2019-01-22 03:19:30  13821    1002         2    1002     59999
000001 r10s721z.001002_00000100     42.552  2019-01-22 04:17:40  13665    1002         3    1002     60000
000001 r10s721z.001002_00000000     42.644  2019-01-22 03:54:11  13765    1002         3    1002     59998
000001 r10s721z.001002_00000250     42.566  2019-01-22 03:25:03  13708    1002         4    1002     59992
000001 r10s721z.001002_00000200     42.995  2019-01-22 03:59:59  13942    1002         5    1002     59999
000001 r10s721z.001002_00000450     42.846  2019-01-22 03:25:27  13881    1002         5    1002     59998
000001 r10s721z.001002_00000400     43.154  2019-01-22 04:08:35  13980    1002        15    1002     59994
