000001 c44s5760.0000010022      0.247  2016-05-12 00:57:00    190    1800       106    1800    998465
000001 c44s5760.0000010012      0.296  2016-05-12 00:52:52    226    1800       141    1800    991217
000001 c44s5760.0000010030      0.253  2016-05-12 00:58:16    193    1800       158    1800    996487
000001 c44s5760.0000010025      0.233  2016-05-12 00:48:03    177    1800       168    1800    991305
000001 c44s5760.0000010032      0.260  2016-05-12 01:01:08    199    1800       205    1800    997227
000001 c44s5760.0000010004      0.241  2016-05-12 00:54:36    187    1800       275    1800    997594
000001 c44s5760.0000010002      0.284  2016-05-12 00:49:39    218    1800       538    1800    999775
000001 c44s5760.0000010023      0.248  2016-05-12 00:57:02    191    1800       649    1800    996637
000001 c44s5760.0000010011      0.243  2016-05-12 00:57:18    187    1800       929    1800    994856
000001 c44s5760.0000010008      0.272  2016-05-12 00:58:21    207    1800      1085    1800    999092
000001 c44s5760.0000010036      0.257  2016-05-12 01:01:08    199    1800      1105    1800    993189
000001 c44s5760.0000010018      0.289  2016-05-12 01:02:09    224    1800      1220    1800    989628
000001 c44s5760.0000010019      0.259  2016-05-12 00:56:32    198    1800      1287    1800    989335
000001 c44s5760.0000010000      0.249  2016-05-12 01:13:53    192    1800      1313    1800    998357
000001 c44s5760.0000010007      0.254  2016-05-12 00:50:52    194    1800      1555    1800    998894
000001 c44s5760.0000010017      0.249  2016-05-12 01:00:14    191    1800      1635    1800    997974
000001 c44s5760.0000010024      0.252  2016-05-12 00:57:29    194    1800      2082    1800    996102
000001 c44s5760.0000010039      0.236  2016-05-12 00:57:23    180    1800      2098    1800    999970
000001 c44s5760.0000010014      0.277  2016-05-12 01:01:01    209    1800      2187    1800    994432
000001 c44s5760.0000010016      0.232  2016-05-12 00:56:54    178    1800      2309    1800    993129
000001 c44s5760.0000010026      0.238  2016-05-12 00:55:50    180    1800      2602    1800    996767
000001 c44s5760.0000010005      0.251  2016-05-12 00:54:35    195    1800      2671    1800    989134
000001 c44s5760.0000010010      0.248  2016-05-12 00:54:50    187    1800      2697    1800    997556
000001 c44s5760.0000010028      0.277  2016-05-12 00:56:57    214    1800      2996    1800    995649
000001 c44s5760.0000010038      0.235  2016-05-12 00:58:10    178    1800      3052    1800    997870
000001 c44s5760.0000010001      0.239  2016-05-12 00:55:27    180    1800      3120    1800    995641
000001 c44s5760.0000010037      0.244  2016-05-12 00:57:23    188    1800      4719    1800    994480
000001 c44s5760.0000010020      0.284  2016-05-12 01:00:17    219    1800      4857    1800    992568
000001 c44s5760.0000010034      0.260  2016-05-12 01:01:14    198    1800      5259    1800    998864
000001 c44s5760.0000010035      0.263  2016-05-12 00:52:47    200    1800      5435    1800    991700
000001 c44s5760.0000010031      0.273  2016-05-12 01:04:39    209    1800      5582    1800    976142
000001 c44s5760.0000010013      0.248  2016-05-12 00:56:09    192    1800      5707    1800    997630
000001 c44s5760.0000010015      0.273  2016-05-12 01:01:46    209    1800      6020    1800    999071
000001 c44s5760.0000010006      0.279  2016-05-12 00:55:26    212    1800      6472    1800    998501
000001 c44s5760.0000010029      0.237  2016-05-12 00:57:31    179    1800      6964    1800    998952
000001 c44s5760.0000010027      0.199  2016-05-12 00:50:49    152    1800      7152    1800    991570
000001 c44s5760.0000010003      0.278  2016-05-12 00:51:07    211    1800      8383    1800    999801
000001 c44s5760.0000010033      0.258  2016-05-12 00:52:39    199    1800      9496    1800    997218
000001 c44s5760.0000010021      0.257  2016-05-12 00:59:21    197    1800     13201    1800    992001
000001 c44s5760.0000010009      0.259  2016-05-12 00:54:47    202    1800     18421    1800    988479
