000001 ca0s7400.002701_00001693    135.994  2019-06-17 18:06:42   4585    2701       178    2704   1994994
000001 ca0s7400.002701_00005048    139.765  2019-06-17 22:45:56   4766    2701       249    2704   1990648
000001 ca0s7400.002701_00000612    137.684  2019-06-17 19:15:08   4650    2701       300    2704   1990982
000001 ca0s7400.002701_00000000    140.687  2019-06-17 18:40:50   4737    2701       334    2704   1996649
000001 ca0s7400.002701_00000261    132.998  2019-06-17 21:05:10   4512    2701       365    2704   1989851
000001 ca0s7400.002701_00006856    139.908  2019-06-17 20:02:45   4776    2701       416    2704   1996457
000001 ca0s7400.002701_00000982    135.368  2019-06-17 18:11:56   4605    2701       450    2704   1997621
000001 ca0s7400.002701_00001303    142.178  2019-06-17 16:46:35   4776    2701       542    2704   1998822
000001 ca0s7400.002701_00002284    133.615  2019-06-22 03:33:54   4535    2701       914    2704   1998428
000001 ca0s7400.002701_00004238    136.934  2019-06-17 20:03:56   4654    2701      1055    2704   1990303
000001 ca0s7400.002701_00003366    138.848  2019-06-17 20:30:08   4692    2701      1385    2704   1998685
000001 ca0s7400.002701_00010752     61.566  2019-06-17 16:08:43   2076    2701      1525    2704   1988298
