000001 c41s5760.0000010006      1.819  2016-05-12 02:43:06   1641    1600        23    1600    999822
000001 c41s5760.0000010008      1.775  2016-05-12 02:57:46   1605    1600       243    1600    998968
000001 c41s5760.0000010005      1.722  2016-05-12 02:51:25   1549    1600       316    1600    999944
000001 c41s5760.0000010000      1.715  2016-05-12 02:51:38   1546    1600       351    1600    999521
000001 c41s5760.0000010004      1.593  2016-05-12 02:47:25   1439    1600       351    1600    999586
000001 c41s5760.0000010001      1.684  2016-05-12 02:11:47   1520    1600       404    1600    999992
000001 c41s5760.0000010002      1.761  2016-05-12 02:49:08   1589    1600       579    1600    999276
000001 c41s5760.0000010009      1.714  2016-05-12 02:40:45   1549    1600       657    1600    998951
000001 c41s5760.0000010003      1.761  2016-05-12 02:26:24   1588    1600       883    1600    998163
000001 c41s5760.0000010007      1.693  2016-05-12 02:26:11   1528    1600      1622    1600    998743
