000001 r40s7050.0000010034      7.655  2018-09-07 01:26:51   2449       1         1       1     99975
000001 r40s7050.0000010022      8.093  2018-09-07 04:38:27   2558       1         1       1     99892
000001 r40s7050.0000010039      7.865  2018-09-07 01:08:09   2525       1         1       1     99971
000001 r40s7050.0000010030      7.771  2018-09-07 01:11:13   2485       1         2       1    100000
000001 r40s7050.0000010040      7.814  2018-09-07 05:53:21   2507       1         4       1     99990
000001 r40s7050.0000010011      7.801  2018-09-07 03:59:29   2464       1         6       1     99982
000001 r40s7050.0000010037      7.900  2018-09-07 01:50:51   2533       1         8       1     99895
000001 r40s7050.0000010049      8.016  2018-09-07 02:38:34   2595       1         9       1     99998
000001 r40s7050.0000010002      7.754  2018-09-07 04:02:18   2481       1         9       1     99888
000001 r40s7050.0000010038      7.752  2018-09-07 01:21:29   2501       1         9       1     99935
000001 r40s7050.0000010014      7.922  2018-09-07 04:56:58   2534       1         9       1     99980
000001 r40s7050.0000010007      7.884  2018-09-07 03:47:17   2501       1        10       1     99995
000001 r40s7050.0000010021      7.943  2018-09-07 01:16:40   2533       1        11       1     99998
000001 r40s7050.0000010029      8.013  2018-09-07 04:17:51   2549       1        11       1     99977
000001 r40s7050.0000010032      7.860  2018-09-07 01:15:27   2510       1        12       1     99943
000001 r40s7050.0000010024      8.055  2018-09-07 01:10:39   2574       1        13       1    100000
000001 r40s7050.0000010044      7.925  2018-09-07 05:52:15   2542       1        14       1     99920
000001 r40s7050.0000010016      8.103  2018-09-07 04:22:00   2575       1        15       1     99970
000001 r40s7050.0000010008      7.949  2018-09-07 04:56:32   2563       1        15       1     99929
000001 r40s7050.0000010018      7.572  2018-09-07 04:53:47   2440       1        21       1     99980
000001 r40s7050.0000010046      8.016  2018-09-07 05:30:48   2567       1        25       1     99976
000001 r40s7050.0000010031      7.933  2018-09-07 01:15:16   2518       1        29       1     99877
000001 r40s7050.0000010013      8.024  2018-09-07 05:12:53   2580       1        31       1     99832
000001 r40s7050.0000010005      7.968  2018-09-07 04:44:32   2536       1        32       1     99976
000001 r40s7050.0000010025      8.067  2018-09-07 04:15:40   2559       1        32       1     99994
000001 r40s7050.0000010009      8.133  2018-09-07 03:34:06   2601       1        36       1     99984
000001 r40s7050.0000010042      8.083  2018-09-07 05:58:05   2586       1        41       1     99991
000001 r40s7050.0000010041      7.892  2018-09-07 01:10:02   2528       1        44       1     99996
000001 r40s7050.0000010015      7.946  2018-09-07 04:12:47   2513       1        46       1     99967
000001 r40s7050.0000010047      8.159  2018-09-07 05:55:13   2600       1        47       1     99967
000001 r40s7050.0000010036      7.870  2018-09-07 02:55:28   2510       1        47       1     99954
000001 r40s7050.0000010048      7.532  2018-09-07 06:05:56   2423       1        49       1     99935
000001 r40s7050.0000010006      7.614  2018-09-07 04:51:46   2424       1        50       1     99964
000001 r40s7050.0000010026      7.653  2018-09-07 03:31:06   2460       1        51       1     99998
000001 r40s7050.0000010004      7.929  2018-09-07 03:12:02   2554       1        59       1     99892
000001 r40s7050.0000010012      7.896  2018-09-07 04:39:16   2531       1        63       1     99921
000001 r40s7050.0000010033      7.701  2018-09-07 00:36:03   2468       1        65       1     99983
000001 r40s7050.0000010000      8.017  2018-09-07 03:43:24   2577       1        69       1     99999
000001 r40s7050.0000010028      7.819  2018-09-07 04:39:08   2545       1        70       1     99923
000001 r40s7050.0000010020      7.854  2018-09-07 04:49:01   2508       1        71       1     99992
000001 r40s7050.0000010017      8.093  2018-09-07 04:41:28   2575       1        79       1     99949
000001 r40s7050.0000010027      7.879  2018-09-07 03:10:09   2535       1        94       1     99967
000001 r40s7050.0000010001      7.894  2018-09-07 03:47:08   2518       1        96       1     99948
000001 r40s7050.0000010003      7.887  2018-09-07 04:11:52   2523       1       100       1     99994
000001 r40s7050.0000010035      7.769  2018-09-07 00:53:01   2525       1       101       1     99938
000001 r40s7050.0000010045      7.815  2018-09-07 05:59:21   2523       1       102       1     99971
000001 r40s7050.0000010023      8.116  2018-09-07 03:33:15   2580       1       118       1     99923
000001 r40s7050.0000010043      7.764  2018-09-07 06:09:06   2489       1       119       1     99910
000001 r40s7050.0000010019      7.855  2018-09-07 04:25:13   2507       1       123       1     99902
000001 r40s7050.0000010010      8.176  2018-09-07 04:50:22   2621       1       124       1     99997
