000001 bmup4s51b8.4346171.stn     87.891  2023-09-12 15:11:30  25338    1000         2    1000    873170
000001 bmup4s51b8.4166846.stn     88.510  2023-09-12 15:18:09  25282    1000         4    1000    873062
000001 bmup4s51b8.72111210.stn     87.721  2023-09-12 16:08:12  25288    1000         5    1000    873199
000001 bmup4s51b8.4167395.stn     86.912  2023-09-12 15:25:55  25085    1000        15    1000    873158
000001 bmup4s51b8.72110183.stn     87.214  2023-09-12 15:48:02  25231    1000        31    1000    873186
000001 bmup4s51b8.72109569.stn     88.586  2023-09-12 15:41:14  25421    1000        41    1000    873124
000001 bmup4s51b8.72111226.stn     87.861  2023-09-12 15:53:03  25246    1000        43    1000    873186
000001 bmup4s51b8.72109543.stn     89.337  2023-09-12 15:35:27  25763    1000        79    1000    873178
000002 bmup4s51b8.4176138.stn     88.780  2023-09-12 16:34:00  25454    1000       103    1000    873085
000002 bmup4s51b8.72111265.stn     88.277  2023-09-12 16:16:09  25435    1000       106    1000    873188
