000001 c42s5760.0000010009      0.050  2016-05-12 00:44:51     31    1700       808    1700    975147
000001 c42s5760.0000010004      0.050  2016-05-12 00:56:55     32    1700      2030    1700    983877
000001 c42s5760.0000010008      0.058  2016-05-12 00:51:52     40    1700      3457    1700    957353
000001 c42s5760.0000010005      0.061  2016-05-12 00:51:00     42    1700      8324    1700    956610
000001 c42s5760.0000010007      0.047  2016-05-12 00:52:51     28    1700     10650    1700    966637
000001 c42s5760.0000010000      0.050  2016-05-12 00:51:13     31    1700     11100    1700    968855
000001 c42s5760.0000010001      0.040  2016-05-12 00:47:48     23    1700     39113    1700    963385
000001 c42s5760.0000010006      0.045  2016-05-12 00:49:22     27    1700     49019    1700    990790
000001 c42s5760.0000010003      0.055  2016-05-12 00:52:31     36    1700     55432    1700    955112
000001 c42s5760.0000010002      0.046  2016-05-12 00:50:28     28    1700     59686    1700    992729
