000001 bmup4s51b9.64567788.stn     60.294  2023-09-16 00:05:17  17537    1000         3    1000    873186
000001 bmup4s51b9.72318580.stn     60.897  2023-09-15 23:55:37  17699    1000         7    1000    873181
000001 bmup4s51b9.64568800.stn     60.692  2023-09-16 00:08:59  17709    1000         8    1000    873176
000001 bmup4s51b9.72327569.stn     60.300  2023-09-16 00:16:05  17512    1000        11    1000    873185
000001 bmup4s51b9.4299040.stn     58.819  2023-09-13 14:35:58  17215    1000        16    1000    873178
000001 bmup4s51b9.4480577.stn     59.458  2023-09-13 17:13:01  17373    1000        23    1000    873170
000001 bmup4s51b9.4300577.stn     60.945  2023-09-13 17:29:23  17728    1000        26    1000    873200
000001 bmup4s51b9.4480682.stn     59.452  2023-09-13 19:23:39  17325    1000        43    1000    873200
000001 bmup4s51b9.4535317.stn     60.670  2023-09-15 23:51:13  17688    1000        60    1000    873198
000001 bmup4s51b9.72294849.stn     59.975  2023-09-13 20:35:45  17482    1000        83    1000    873183
