000001 bmup4s51b3.60979368.stn    117.451  2023-04-22 18:09:14  34633    1000         1    1000    873161
000001 bmup4s51b3.67677264.stn    135.258  2023-04-22 17:05:54  39926    1000         1    1000    873190
000001 bmup4s51b3.60979316.stn    122.648  2023-04-22 18:08:21  36289    1000         5    1000    873192
000001 bmup4s51b3.60978970.stn    121.955  2023-04-22 17:42:14  35912    1000         8    1000    873163
000001 bmup4s51b3.60979151.stn    124.352  2023-04-22 18:02:30  36597    1000         9    1000    873187
000001 bmup4s51b3.60978480.stn    122.637  2023-04-22 17:16:31  36365    1000        12    1000    873195
000002 bmup4s51b3.67682359.stn    122.563  2023-04-22 17:55:47  36365    1000        14    1000    873197
000002 bmup4s51b3.67680229.stn    124.810  2023-04-22 17:34:25  36850    1000        15    1000    873181
000002 bmup4s51b3.60979226.stn    121.264  2023-04-22 18:03:46  35894    1000        15    1000    873196
000002 bmup4s51b3.67677361.stn    122.964  2023-04-22 17:27:08  36234    1000        42    1000    873173
