000001 rmce2s51b0_00008.stn      3.086  2020-08-06 21:19:19   2518    1000         8    1000    299864
000001 rmce2s51b0_00001.stn      2.944  2020-08-06 21:03:12   2621    1000        33    1000    299976
000001 rmce2s51b0_00006.stn      2.907  2020-08-06 21:08:28   2561    1000        48    1000    299929
000001 rmce2s51b0_00005.stn      2.819  2020-08-06 21:03:14   2540    1000        53    1000    299577
000001 rmce2s51b0_00002.stn      2.850  2020-08-06 21:06:45   2491    1000        89    1000    299876
000001 rmce2s51b0_00004.stn      2.833  2020-08-06 21:10:56   2512    1000       123    1000    299831
000001 rmce2s51b0_00009.stn      2.935  2020-08-06 21:05:40   2549    1000       128    1000    299864
000001 rmce2s51b0_00003.stn      2.823  2020-08-06 21:04:58   2484    1000       156    1000    299948
000001 rmce2s51b0_00000.stn      2.825  2020-08-06 20:58:52   2479    1000       249    1000    299841
000001 rmce2s51b0_00007.stn      2.898  2020-08-06 21:05:11   2573    1000       296    1000    299910
