000001 nts.mu2e.rmci0s51b0.su2020.001000_00000009.stn      2.909  2020-07-15 00:41:10   3272    1000         4    1000    999903
000001 nts.mu2e.rmci0s51b0.su2020.001000_00000003.stn      2.843  2020-07-15 01:03:10   3250    1000        23    1000    999869
000001 nts.mu2e.rmci0s51b0.su2020.001000_00000004.stn      3.035  2020-07-15 01:11:06   3356    1000        38    1000    998857
000001 nts.mu2e.rmci0s51b0.su2020.001000_00000006.stn      2.960  2020-07-15 00:36:39   3279    1000        75    1000    999299
000001 nts.mu2e.rmci0s51b0.su2020.001000_00000000.stn      2.842  2020-07-15 01:21:23   3204    1000        82    1000    999913
000001 nts.mu2e.rmci0s51b0.su2020.001000_00000007.stn      2.970  2020-07-15 01:04:08   3252    1000       356    1000    999170
000001 nts.mu2e.rmci0s51b0.su2020.001000_00000001.stn      2.951  2020-07-15 00:17:25   3282    1000       365    1000    999784
000001 nts.mu2e.rmci0s51b0.su2020.001000_00000005.stn      2.929  2020-07-15 01:03:19   3309    1000       449    1000    999990
000001 nts.mu2e.rmci0s51b0.su2020.001000_00000002.stn      2.944  2020-07-15 01:10:42   3335    1000       841    1000    999585
000001 nts.mu2e.rmci0s51b0.su2020.001000_00000008.stn      2.888  2020-07-15 01:00:04   3179    1000      1174    1000    999668
